0:1,99,380,19
1:0,2,153,296,359
2:1,22,271,325,166,208
3:23,124
4:121,5,282,384
5:4,25,85,385
6:7,266,386
7:304,6,8,106,387,73,374,99
8:7,9,247
9:8,29,67,389,171
10:11,86,390
11:265,86,10,31,342,398
12:107,32,126
13:120,14,297,393,219
14:13,15,69
15:204,309,14,16,179
16:82,112,354,15,36,259,396
17:226,37,58
18:19,77,398
19:18,0,180
20:21,265,307
21:20,41,65,330
22:2,23,180,67,355
23:22,3,43,181,245
24:44,59
25:80,5,26,206,72
26:25,27,312,274
27:26,47,134
28:29,166
29:28,9,49,233,251
30:50,256,34,238
31:85,11,32,383
32:31,12,52,255
33:53,310
34:54,30
35:193,55,229,396
36:205,16,56,73
37:17,57,201,378
38:58,392,138
39:145,59,203
40:60,283
41:21,42,274,71,92
42:41,43,256,323,131,159
43:42,23,44,296
44:43,24,64,370,236
45:361,65,311,255
46:47,352,206
47:62,46,27,67,188,239
48:360,246,68,136,348
49:29,69,294,350,176
50:30,51,233
51:50,52,149
52:51,32,72,97,293
53:33,54,85
54:242,382,53,34,74,238
55:129,35,75,71
56:363,387,36,57,159
57:56,37,77,168
58:141,216,17,38,78,228
59:24,39,79,247
60:40,61,312,243,346,137,79
61:60,62,231,353
62:61,82,47
63:83,199,294
64:44,84,316,327
65:21,142,45,66,283
66:65,86,243
67:47,68,22,9
68:67,48,69,118,275
69:68,49,89,105,14
70:71,151
71:70,91,41,55
72:191,52,73,25
73:72,74,7,36
74:73,54,94,223
75:267,55,95,325
76:96,395
77:128,57,97,118,18
78:58,98,255
79:59,60,174
80:100,25,99
81:82,270,87
82:340,81,62,83,16,192
83:82,63,84,112,98
84:83,64,85,227
85:84,5,105,31,53
86:123,66,106,11,10
87:88,81
88:87,108,253
89:281,202,69,90,364
90:89,110,175
91:260,71,111,167
92:112,41,279
93:113,249
94:165,74,95,160
95:94,75,115,296
96:76,97,156
97:52,96,77,117,250
98:78,118,83
99:0,80,7
100:80,120,387,119,179
101:102,379,198
102:101,122,221
103:104,296,385
104:103,105,219,328
105:381,104,85,106,298,247,188,69,197
106:105,86,126,184,7,212
107:108,12
108:107,88,128,302,399
109:129,233
110:90,111,360
111:224,110,91,131,330
112:83,92,132,16
113:280,93,133,267,258
114:115,144
115:114,95,135,310,175,335
116:143,136,196
117:300,97,118,308
118:68,291,77,117,157,98,119,277
119:118,100,130
120:100,140,13
121:122,4,214
122:121,102,123,183
123:122,143,86,395
124:3,125,289
125:124,126,219
126:125,106,127,185,12,215
127:126,186,128,321
128:127,108,148,77
129:367,109,149,55
130:131,396,119
131:130,111,151,42
132:112,133,148
133:132,113,134,171
134:27,133,135,148
135:331,252,134,115,136,199
136:48,135,116,137,379
137:136,157,60
138:158,38,199
139:159,329
140:120,160,396,253,315,159
141:142,58
142:141,162,65
143:123,144,116,292,196
144:342,143,145,249,114
145:144,165,39
146:166,279,308
147:366,148,293
148:380,147,128,168,382,132,134
149:129,169,352,51,297
150:170,382
151:70,131,171,347
152:153,317
153:1,152,173,393
154:174,314
155:175,348
156:227,96,157,298,277
157:156,137,158,118
158:187,288,157,138,178,287,319
159:56,139,140,42
160:140,161,310,282,271,94
161:160,162,274
162:161,142,182,394,372
163:164,394
164:163,165,225
165:164,145,185,94
166:146,167,2,28,257
167:166,187,290,91,178
168:148,169,196,57
169:168,149,189,270,397
170:150,190,172
171:151,172,9,133
172:369,170,171,173,258
173:172,153,193,360
174:154,175,301,79,259
175:269,90,174,155,176,115
176:180,175,196,49
177:197,223
178:393,158,179,167
179:15,178,199,100
180:200,176,22,314,19,199
181:201,336,23
182:162,183,397
183:122,182,184,255,194
184:183,185,207,106,388,373,376
185:184,165,205,298,126
186:187,127
187:186,167,188,158,391
188:47,187,189,105,210
189:188,169,209,276
190:240,170,191,263,351
191:190,192,72,337
192:191,193,82,235
193:192,173,213,35
194:195,183
195:194,196,240
196:168,195,116,176,197,143
197:196,177,217,105
198:199,101
199:63,135,198,179,180,138
200:180,201,205,219,339
201:200,181,202,289,37
202:201,222,89
203:204,288,39
204:203,205,15
205:200,204,185,225,36
206:25,207,46
207:184,206,227,332
208:306,209,2
209:208,189,229,309
210:289,230,188
211:212,271
212:211,213,106
213:341,212,193,214,392,318
214:213,215,121
215:326,214,235,126
216:217,58
217:216,197,237,288
218:219,361
219:104,125,334,218,200,13
220:221,228,239
221:220,222,343,102
222:221,202,242,390
223:224,238,74,177
224:223,225,111
225:164,224,205,226,297
226:364,225,227,17
227:84,226,207,228,156
228:220,302,227,248,256,58
229:209,230,264,35,299
230:386,229,210,231,303
231:61,347,230,251,289
232:252,382,278
233:29,109,50,234,344,313
234:233,235,290
235:234,215,255,192
236:392,237,44
237:370,333,236,217,257,300
238:223,54,258,30
239:220,47
240:241,190,349,195,259
241:240,242,259
242:241,222,243,54
243:242,263,60,66
244:245,287,290
245:244,265,23
246:247,48
247:246,267,105,8,59
248:228,268,352
249:144,269,393,93
250:345,251,261,311,97,377
251:284,324,250,231,271,29
252:232,253,135
253:88,252,254,140
254:253,274,266
255:183,32,235,256,45,78
256:42,286,228,30,255,257,294
257:256,237,258,166
258:172,257,238,259,113
259:241,16,258,240,174
260:280,91,279
261:262,295,250
262:261,263,307
263:262,243,264,306,368,190
264:263,265,328,229
265:20,264,245,266,11,295
266:283,265,285,6,267,275,329,254
267:266,247,268,75,113
268:267,248,288,288
269:249,289,175
270:81,169,271,297
271:2,270,211,251,291,160
272:273,361
273:272,274,377
274:41,161,273,254,275,26
275:266,274,295,68
276:189,296,358
277:278,156,118
278:277,279,232
279:146,278,260,92
280:260,281,113,317
281:280,282,89
282:281,302,160,4
283:40,284,266,65
284:283,285,251
285:284,305,266
286:287,256
287:244,286,288,376,310,158
288:203,287,268,268,289,158,217
289:201,124,288,269,290,210,231
290:167,289,310,244,234
291:271,292,118
292:291,293,143
293:147,292,313,52
294:49,295,63,256
295:261,294,275,315,265
296:43,103,95,276,316,1
297:225,270,13,298,149
298:105,185,156,297,299,373
299:298,319,229
300:320,117,237
301:321,348,174
302:282,303,228,108
303:302,323,357,230
304:305,7
305:304,384,285,306,358,336
306:263,305,326,208
307:262,327,20
308:328,146,371,117
309:209,329,15
310:160,290,311,287,33,115
311:45,310,312,250
312:60,26,311,313,314
313:312,293,333,233
314:312,154,315,180
315:314,295,316,140
316:64,315,296,317,354
317:322,383,152,316,337,280
318:319,213
319:318,358,299,339,158
320:300,321,359
321:320,301,341,337,127
322:323,317
323:322,303,324,42,389,332
324:323,325,251
325:324,345,2,75
326:306,327,215
327:326,307,328,64
328:264,327,308,329,104,352
329:328,309,349,266,139
330:350,21,111
331:332,135
332:207,331,352,323
333:313,334,237,338
334:333,354,219
335:355,115
336:181,356,305
337:321,317,357,191
338:358,333
339:319,359,200
340:341,82,359
341:340,321,342,213
342:341,362,144,11
343:221,344,381
344:343,364,346,233
345:325,346,250
346:344,345,347,60
347:346,367,231,151
348:301,368,48,155
349:329,350,240
350:349,330,351,49
351:350,371,190
352:46,248,149,332,353,328
353:352,373,61
354:334,355,16,316
355:354,335,356,22
356:355,336,357,388
357:303,356,337,358,388
358:362,305,276,357,338,359,319
359:320,358,339,340,1,379
360:380,48,110,173,379
361:362,45,390,272,218
362:361,342,363,358
363:362,383,56
364:344,365,226,89
365:364,366,373
366:365,367,147
367:366,347,368,129
368:367,348,369,263
369:368,389,172
370:44,390,237
371:351,391,308
372:373,162
373:365,372,353,374,184,375,298
374:373,394,7
375:376,373
376:287,375,377,184
377:273,376,397,250
378:398,37
379:101,136,360,359
380:360,0,148,399
381:382,105,343
382:381,383,54,148,150,232
383:382,363,384,317,31
384:383,4,305
385:5,103
386:6,230
387:100,7,56
388:389,184,394,356,357
389:388,369,9,323
390:222,370,10,361
391:371,392,187
392:391,393,236,213,38
393:249,392,153,13,178
394:162,163,374,395,388
395:394,396,123,76
396:140,130,395,16,35
397:182,377,398,169
398:397,378,18,11
399:380,108
