0:20,332,189
1:21,257,124
2:3,344,77
3:2,23,122,383,296
4:5,281,384
5:4,6,163,385
6:301,5,7,110,386
7:6,8,317,387
8:342,7,9,57
9:8,10,360
10:9,30,57,316
11:31,70
12:65,370,32,352,216,58
13:14,102
14:13,15,158
15:161,207,14,16,233
16:15,17,211
17:16,18,256,397
18:76,17,38,112
19:363,305,39,267
20:0,21,179
21:20,1,22,111,38
22:21,42,291,224,313
23:3,24,166,267
24:40,23,44,282,113
25:45,42,249
26:27,252
27:26,66,28,175,87,394
28:27,48,364
29:240,304,30,41,191
30:367,29,10,50,209,75
31:245,11,51,365
32:12,52,318
33:309,53,176
34:35,344
35:34,55,182
36:37,116
37:300,36,38,196
38:85,37,18,58,21
39:231,19,59,126
40:41,24,162,209
41:40,42,306,29,389
42:41,22,43,275,25,88,288
43:42,63,341,339
44:24,64,348
45:25,65,55
46:47,382
47:46,67,113
48:28,49,95,115
49:48,69,299,73
50:30,70,328,210
51:369,31,71,238
52:32,53,162
53:52,33,73,338,275
54:262,365,333,55,294
55:360,45,348,54,35,75,304,335
56:182,57,316
57:8,10,56,58,352
58:57,217,38,59,12
59:69,390,58,39,79,346
60:61,203,79
61:60,62,160
62:61,82,63,383,108,308,230
63:62,362,43,64,216,137
64:63,44,84,150,307
65:103,45,85,12,128,368
66:67,27
67:66,47,87,185,98
68:88,155
69:81,49,89,59
70:344,50,90,354,11
71:384,51,91,111
72:92,237,199
73:323,53,93,49
74:94,137
75:55,95,30
76:302,289,96,18
77:97,2
78:98,133
79:325,295,116,59,60,330
80:100,183
81:82,69
82:81,62,83,146,112
83:82,103,346
84:64,85,369,170
85:84,65,105,38
86:106,211
87:67,107,27,114
88:147,68,89,42,188
89:225,88,69,109,296
90:70,91,166,291
91:90,71,111,239,237
92:72,93,120
93:92,73,113,240,118
94:74,114,112
95:200,48,75,96,363
96:95,76,116,238
97:77,117,176
98:78,118,67
99:381,119,353
100:80,120,191,280,355,119
101:102,176
102:101,103,291,13
103:102,83,123,65,310
104:105,399,148,117
105:104,85,125,136
106:86,126,182,319
107:87,108,121
108:107,109,62
109:227,108,89,129,138
110:6,130,379
111:21,71,91,131,333,294
112:132,82,94,255,18
113:47,271,93,133,24,376
114:165,330,94,115,87
115:114,135,48,358
116:36,96,117,79
117:163,116,97,137,104
118:251,331,98,138,93
119:99,100,230
120:100,121,332,268,92,153
121:120,122,212,107
122:121,123,174,3
123:122,103,124,245
124:123,144,1
125:105,145,321
126:106,127,303,39
127:126,128,352
128:127,129,65,236
129:128,109,130,234,315
130:129,110,131,366,350
131:266,169,130,111,132,344
132:131,112,152,159
133:380,346,113,153,371,78
134:154,365
135:115,155,386
136:105,314,156,224
137:213,74,117,157,63
138:345,109,118,158,225
139:385,290,159,226
140:141,273,242,159
141:140,161,160
142:143,199,175
143:142,163,218
144:124,145,341,259
145:144,125,165,206
146:82,147,295
147:204,364,146,167,88
148:149,104
149:148,169,213
150:64,170,391,375
151:152,225
152:151,132,172,159
153:133,154,120
154:153,134,155,204,357
155:68,154,135,156,391
156:284,155,136,176,364
157:137,158,330
158:14,157,138,159,218
159:132,152,158,139,140,383
160:161,317,61,141
161:160,141,181,15,223
162:182,40,327,52
163:143,183,117,5,253,398
164:165,205,372,299
165:260,164,145,185,114
166:23,167,254,90
167:166,147,168,231,388
168:167,188,363
169:149,189,131
170:150,171,84
171:261,170,172,392
172:171,152,173,281,174
173:172,174,343
174:122,371,173,175,172
175:27,174,195,142
176:101,33,156,196,317,97
177:197,272,359
178:263,232,198,300
179:20,199,380
180:181,267,205,306
181:180,161,182,206,387
182:181,162,202,56,106,35
183:80,163,184,244,184
184:183,204,183
185:165,186,304,67
186:185,187,218
187:186,207,328,258
188:168,189,88
189:188,169,209,0,318
190:210,227
191:100,211,29,399
192:287,193,226
193:192,213,211
194:195,376
195:194,175,196,310
196:195,176,216,298,37,377
197:177,198,363
198:197,178,218,284,279
199:142,179,219,72
200:201,95,219
201:200,221,297
202:182,203,330,351,252
203:60,202,223,368,312
204:184,205,147,154
205:164,204,206,180,254
206:181,145,205,226,289
207:187,227,15
208:209,382
209:208,189,229,40,30
210:190,211,50,238
211:86,210,191,231,281,193,16
212:121,232,341
213:149,193,214,137
214:213,234,336
215:216,289,356
216:221,63,215,196,236,12
217:234,218,58
218:143,186,246,217,158,198,219,240
219:218,199,200,316
220:240,336,328,397
221:201,222,216
222:221,242,241
223:203,224,161
224:223,244,22,136
225:226,89,151,138
226:225,206,227,253,192,139
227:226,207,247,109,190
228:248,336
229:209,249,344
230:250,62,373,119
231:167,211,232,39,297
232:231,212,252,178
233:248,253,327,15
234:265,129,214,235,217
235:234,255,308
236:361,247,216,237,128
237:72,236,238,91
238:347,51,96,237,258,210
239:91,259,297
240:220,260,29,241,243,93,218,259
241:261,240,222
242:222,243,140,286
243:242,244,240,374
244:183,243,224,245,262
245:123,244,265,31
246:266,218
247:227,248,236
248:247,228,268,233,337
249:229,269,25
250:322,230,270,275
251:271,118,352
252:26,349,232,272,202
253:226,233,254,163
254:166,253,274,205
255:386,235,256,112
256:255,276,349,17
257:1,277,319
258:238,259,187,298
259:258,239,240,144
260:240,280,165
261:241,281,171,329
262:263,54,244
263:262,283,178
264:265,297
265:264,245,285,234
266:246,286,131,326
267:180,268,23,19
268:267,248,269,120,270
269:268,249,289,381
270:285,250,271,268
271:270,251,272,113
272:282,271,252,292,357,177
273:140,293,296
274:254,275,294
275:42,250,274,276,53
276:275,256,277,388
277:276,257,278,302
278:354,277,298,340
279:281,334,299,198
280:260,281,100
281:280,261,282,279,4,211,172,392
282:281,302,272,24
283:263,284,302
284:283,285,156,198
285:284,265,286,270
286:285,266,306,242
287:288,192
288:287,308,42
289:206,269,290,76,215
290:289,310,139
291:22,102,292,90
292:291,272,312,336
293:273,294,338
294:293,54,274,314,111
295:146,315,79
296:89,273,297,3
297:201,264,296,317,231,239
298:196,278,299,258
299:49,298,279,319,164,379
300:301,37,366,178
301:300,321,6
302:282,322,76,283,277
303:304,382,126
304:303,305,29,185,55,396
305:304,325,19
306:41,286,326,180
307:327,64
308:288,328,62,235,317
309:310,33
310:309,290,330,103,195
311:312,357
312:311,292,332,203
313:333,22
314:294,315,136
315:314,295,335,129
316:56,336,10,219
317:160,7,176,297,337,308
318:32,319,189
319:257,318,299,339,106
320:321,365,339
321:320,301,341,369,125
322:302,323,250
323:322,324,73
324:323,325,345
325:340,324,305,326,79
326:325,306,327,266
327:326,307,347,162,233,378
328:187,308,348,220,50,336
329:349,261
330:202,310,350,114,157,79
331:351,118
332:0,120,343,312,352,379
333:111,313,334,54
334:333,335,279
335:334,315,336,55
336:220,228,292,214,335,316,356,328
337:317,357,248
338:53,293,358,382
339:319,320,43
340:341,325,278
341:340,321,342,384,43,144,212
342:341,343,8
343:342,363,332,173
344:2,364,70,229,131,34
345:324,365,138
346:83,366,133,59
347:327,348,238
348:44,347,328,368,55
349:329,369,252,256
350:330,351,130
351:350,331,352,202
352:127,351,12,332,372,251,57
353:373,379,395,99
354:70,355,278
355:393,354,356,100
356:355,336,357,215
357:311,391,272,356,337,377,154
358:338,359,115
359:358,379,177
360:361,55,9,379
361:360,362,236
362:361,382,63
363:343,383,19,168,95,197
364:344,365,147,28,156
365:320,364,345,366,54,31,134
366:365,346,367,300,130
367:366,368,30
368:203,367,348,388,65
369:321,84,349,389,51
370:371,12
371:370,372,174,133
372:371,352,373,164
373:372,353,393,230
374:375,243
375:374,395,150
376:194,396,113
377:357,397,196
378:398,327
379:110,332,353,359,360,299
380:381,133,179,399
381:380,382,99,269
382:381,362,383,387,303,46,208,338
383:382,363,3,62,159
384:341,4,71
385:5,139
386:6,255,135
387:382,7,181
388:368,389,167,276
389:388,369,390,41
390:389,391,59
391:150,390,392,357,155
392:171,391,393,281
393:392,373,394,355
394:393,395,27
395:394,375,396,353
396:395,376,397,304
397:396,377,17,220
398:378,399,163
399:104,398,380,191
