0:20,328,348
1:2,363
2:100,1,22,379,354
3:4,322,105,394,378
4:3,5,320,384
5:4,25,319,296
6:244,26,262
7:8,210,387
8:7,9,237,328,388
9:206,8,10,107
10:9,30,280
11:303,12,284
12:11,13,347,392
13:12,14,364,393
14:13,15,104
15:273,14,16,249,395,177
16:329,231,392,15,36,106
17:271,37,74
18:322,38,295
19:104,39,52,399
20:0,40,237,39
21:41,313
22:2,23,325,190
23:22,43,311,213
24:25,190
25:24,5,26,100,397
26:25,6,27,269,386
27:26,47,117
28:29,181,99
29:28,30,78,230
30:29,10,31,188
31:30,32,62
32:128,31,33,134
33:169,32,34,231
34:260,250,33,35,278,154
35:34,55,154
36:16,37,122
37:102,282,36,17,38,369
38:356,37,18,39,123
39:38,19,20,263
40:20,60,177,59
41:21,61,46
42:62,130
43:23,44,149,292
44:43,64,330
45:65,221,85
46:41,66,115
47:164,27,48,348
48:162,47,49,84
49:61,127,48,69,141
50:70,294
51:248,71,286,372,174
52:341,72,231,19
53:350,54,193,279
54:63,368,53,55,209
55:54,35,56,207
56:202,112,55,76,322
57:58,294
58:57,78,376
59:171,40,262
60:40,61,393
61:60,41,81,49,370,252
62:42,82,374,170,31,373
63:83,54,371
64:44,65,139
65:64,45,85,374,209
66:46,67,357,266,198
67:66,87,78
68:342,362,265,69,130
69:183,68,49,89,394,276
70:201,50,90,300,239
71:84,51,72,322
72:71,52,73,120,272
73:160,241,72,74,140
74:73,94,266,17
75:95,331,135
76:56,77,270
77:334,76,78,369
78:222,343,67,29,77,58,79,167
79:81,225,316,78,99,242
80:81,289,99
81:80,61,82,79,393
82:180,81,62,83,224
83:82,63,103,364
84:85,71,87,48
85:84,65,105,45,155
86:106,278
87:67,88,84
88:87,108,192
89:69,109,367,173,317
90:224,289,70,91,274
91:90,111,296
92:344,93,259
93:92,94,94,299
94:93,93,74,114,123
95:75,96,303
96:95,116,158
97:117,193
98:229,291,118,114
99:257,79,80,28
100:101,2,25
101:100,121,171,114,116
102:122,37,166,187
103:83,123,119
104:105,19,14,175,158
105:104,85,125,3
106:86,126,287,349,313,16
107:263,108,149,9
108:107,88,128,127,217
109:345,89,129,128
110:144,111,246
111:110,91,131,215,191,219
112:113,56
113:204,112,133,146
114:369,94,134,101,98
115:46,288,116,351,359
116:390,115,195,96,117,101,318
117:27,270,116,97,137,153
118:242,98,119,275
119:103,118,139,250
120:140,196,285,72
121:101,122,265
122:121,102,123,279,364,36
123:122,103,124,342,94,38
124:123,144,188
125:105,145,150
126:106,127,188,308
127:126,147,49,108
128:324,108,148,32,109,193
129:109,130,320,319
130:42,68,268,129,131,321
131:130,330,111,132,312
132:131,133,213
133:132,113,153,171
134:32,114,154,231,297
135:136,75
136:141,135,137,233
137:351,136,117,157,311
138:158,187
139:64,389,119,159,254
140:120,160,159,326,73
141:161,136,49,151
142:162,260,165,387,374
143:144,274,311,215
144:143,163,124,164,110
145:125,146,236
146:145,147,379,113
147:146,127,167,163
148:128,168,342
149:43,107,169,387,331
150:125,170,190
151:171,141
152:153,339
153:152,133,173,249,117
154:134,155,34,35
155:301,233,154,156,85,235
156:155,157,377
157:156,137,158,326
158:281,96,157,138,159,104
159:140,158,139,179,332
160:140,161,73,312
161:160,141,162,269,258
162:161,142,163,48
163:162,183,144,147
164:144,184,47
165:166,142
166:165,167,102
167:166,147,168,313,277,78
168:243,167,148,169,341
169:168,149,170,33
170:169,150,171,62
171:101,223,170,151,172,59,133,357
172:171,192,314
173:153,174,89,236
174:173,194,51
175:176,104
176:175,196,214
177:40,178,15
178:177,198,199
179:320,254,237,159,199,341
180:200,82
181:201,341,221,28
182:202,227
183:163,203,69
184:164,204,271,207,287,315
185:186,190
186:185,187,347
187:382,186,188,102,138,199
188:124,126,187,208,284,30
189:284,209,337
190:24,185,150,210,22
191:211,111
192:88,172,212,290
193:53,213,128,97
194:340,174,214,387
195:196,116
196:120,195,176,216,239
197:217,292
198:178,199,66
199:335,178,198,179,219,187
200:180,201,230,361
201:200,181,202,70
202:201,182,222,56,306,269
203:183,204,394
204:203,184,224,113
205:225,237
206:207,9
207:206,208,184,55
208:207,188,228,360
209:189,229,65,54
210:360,7,190,230,358,294
211:191,231,391,355
212:192,232,279
213:132,193,233,23
214:380,194,234,385,176
215:111,235,143
216:196,217,350
217:216,197,218,108
218:217,238,220
219:199,239,111
220:221,318,218,239
221:220,241,181,45
222:202,242,78
223:224,171
224:82,223,204,244,90
225:205,245,79
226:246,269
227:182,247,237
228:208,229,229,399
229:246,327,228,228,209,249,98
230:200,210,250,29
231:211,232,16,52,33,134
232:231,212,252,300
233:213,253,155,136
234:214,254,395,339
235:215,255,155
236:145,237,173
237:20,205,227,8,236,257,179
238:218,258,276
239:286,196,219,220,70
240:260,341,259
241:221,242,73
242:241,222,243,118,365,375,79
243:242,263,168
244:224,245,6
245:244,225,246,289
246:245,226,266,229,110
247:227,248,294,249
248:247,249,51
249:248,229,250,247,153,15,395
250:249,230,251,34,119
251:250,252,376,333
252:251,232,253,61
253:325,252,233,273,324
254:307,234,274,179,139
255:235,275,336
256:276,295
257:237,277,99
258:238,259,161
259:92,258,240,322
260:240,280,34,142
261:281,333,347
262:263,327,6,59
263:300,262,243,264,107,39
264:263,265,304,377
265:121,264,266,68
266:265,246,267,66,74
267:266,287,381
268:269,130
269:161,384,26,226,268,289,202
270:346,271,117,76
271:184,270,310,272,17
272:271,273,72
273:272,253,293,15
274:143,90,254,294,345
275:255,295,297,118
276:256,277,69,238
277:276,257,278,167
278:86,34,277,298,392
279:122,212,299,53
280:260,281,319,10
281:280,261,301,158,385
282:283,37
283:282,302,284,386,309
284:283,304,189,188,11
285:286,120,332
286:285,287,239,51
287:106,286,267,288,184,391
288:287,289,115,379
289:80,245,288,269,309,90
290:310,354,192
291:367,292,98
292:291,293,43,314,197
293:321,292,273,294,351
294:247,50,293,274,314,210,57
295:275,315,359,256,18
296:323,91,316,5,358
297:275,317,134
298:336,278,318,389
299:279,319,93
300:320,263,70,232,319
301:281,321,155,366
302:322,283
303:304,11,95
304:303,264,284,305,376
305:304,325,381
306:326,202
307:308,254
308:307,309,126
309:308,289,329,283
310:290,330,271
311:23,331,143,137
312:131,313,160
313:21,381,167,312,333,106
314:172,294,315,292
315:314,295,335,184,338
316:296,336,79
317:297,337,89
318:220,298,319,116
319:280,5,318,299,300,129
320:300,321,179,4,129,339
321:320,301,341,293,130
322:302,342,18,3,71,56,259
323:343,296
324:344,128,253
325:22,305,345,253
326:306,327,140,157
327:262,326,347,229
328:0,348,8
329:309,330,16
330:44,329,310,350,131
331:311,351,149,75
332:352,285,159
333:261,388,313,353,251
334:335,77
335:334,315,336,199
336:255,335,316,337,298
337:189,336,317,357,399
338:358,315
339:152,320,234
340:341,194,359
341:240,340,181,321,361,52,168,179
342:322,362,68,123,363,148
343:323,363,78
344:324,364,92
345:325,365,109,274
346:347,270,376
347:186,346,327,367,261,12
348:47,328,368,0
349:350,106
350:349,330,370,53,216
351:331,371,137,293,115
352:332,353,354
353:352,333,354,385
354:290,352,353,355,2
355:354,375,211
356:357,38
357:66,356,337,377,171
358:210,338,359,296
359:295,358,340,115
360:380,210,208
361:341,362,200
362:361,342,363,68
363:1,362,343,364,342
364:83,363,344,365,122,13
365:364,345,366,242
366:365,386,301
367:347,387,291,89
368:348,369,54
369:368,370,114,37,77
370:369,350,390,61
371:351,391,63
372:373,51
373:372,393,62
374:62,65,375,142
375:374,355,395,242
376:304,251,377,346,396,58
377:156,376,357,397,264
378:379,3
379:2,146,378,399,288
380:360,381,214
381:380,382,313,305,267
382:381,383,187
383:382,384,385
384:383,4,269
385:383,386,281,353,214
386:283,385,366,387,26
387:386,367,7,142,149,194
388:8,333,398
389:390,139,298
390:389,370,391,116
391:390,211,371,392,287
392:391,12,16,278
393:60,373,13,81
394:203,69,395,3
395:234,394,375,15,249
396:397,376
397:396,377,398,25
398:397,399,388
399:337,398,379,19,228
