0:20,262,60,380,19
1:2,381,381
2:1,3,28,382
3:2,23,271,383,249,212
4:24,31
5:262,6,11,307
6:5,7,335,76
7:6,8,207,198
8:7,28,396,388,117
9:10,142
10:9,30,328,390,259
11:5,12,231,391,195,36,96,298
12:11,32,259,392
13:33,396
14:269,34,45,318
15:35,364
16:74,36,183,396
17:123,18,119,397,38
18:385,17,38,289
19:0,240,399
20:0,40,105,39
21:41,180,251
22:23,250,63
23:22,3,24,213
24:23,4,25,365,356,396
25:240,24,26,352,185,391
26:25,27,216
27:26,47,57,229
28:2,8,48,47
29:144,30,307,230
30:124,208,29,10,31,374
31:4,30,51,148
32:348,12,33,322
33:32,13,53,368
34:14,54,328
35:373,15,55,300
36:286,16,56,11
37:38,92
38:306,37,18,39,17
39:38,20,68
40:20,60,350,59
41:21,61,207,83,378
42:62,79
43:44,364,70
44:43,45,335,376
45:44,46,137,331,14
46:364,45,47,295
47:46,27,67,287,367,28,352
48:28,68,144
49:246,50,68
50:49,51,305
51:85,165,50,31,52,68
52:51,53,148
53:52,33,54,68
54:53,34,55,209
55:362,54,35,56,319
56:55,36,76,208
57:27,313,174,77,77
58:182,284,297,59,378
59:58,40,134
60:40,61,0,86,79
61:60,41,81,354,358,399
62:42,82,130
63:64,22
64:63,84,331
65:66,363,153
66:65,67,311
67:66,47,87,189,68
68:363,48,88,67,49,289,51,53,116,39
69:70,73
70:140,69,90,43
71:72,396
72:71,73,299
73:280,69,72,272,93,225
74:75,16
75:128,74,95,261
76:56,77,6
77:76,57,57,97,213
78:79,203
79:42,78,60,205
80:100,225,104,127,114,97
81:61,101,240
82:62,83,296,328,135
83:82,103,41
84:242,64,104,220,296
85:86,51
86:85,106,60
87:67,88,110
88:225,87,187,68,108,137
89:109,346
90:70,91,196
91:90,111,328
92:112,317,37
93:188,73,113,216,176
94:114,292,295
95:75,96,250
96:383,232,193,95,275,116,11
97:160,167,210,77,117,80
98:118,289
99:152,119,186
100:80,120,137,119
101:81,102,210,344,228
102:101,122,291
103:83,123,395
104:84,105,80,155
105:20,104,125,246,312
106:86,126,167,268,254
107:108,296
108:107,88,109,250
109:108,89,110,390
110:87,109,111,271
111:110,91,131,243
112:92,132,186
113:93,114,357
114:113,94,115,80,194
115:114,135,240
116:285,96,136,68
117:97,118,8
118:316,117,98,138,349
119:345,186,17,99,100,289
120:100,140,142,266,315,139
121:122,230,157
122:121,102,123,301
123:122,103,124,17
124:123,144,30
125:105,145,247
126:106,127,267
127:126,326,147,80
128:148,75
129:149,214
130:62,150,215
131:162,147,111,151,159,372
132:112,133,264
133:342,132,134,390,397
134:148,133,135,150,59
135:134,115,155,82
136:116,137,234
137:100,45,88,290,136,138,364,238
138:137,118,139,140
139:138,120,140
140:120,141,70,138,139,159
141:140,161,276
142:120,162,180,9
143:144,396,159
144:143,124,164,29,48
145:125,165,178,288
146:166,383,279
147:127,148,131
148:147,128,149,134,31,52
149:148,129,150,234
150:149,130,170,398,134
151:265,305,131,152,342,377
152:151,172,99
153:270,173,65
154:174,355
155:135,156,104,299
156:281,309,155,176,169
157:214,177,121
158:178,211
159:131,140,143
160:161,97,179,179
161:160,141,162,376
162:161,201,142,182,131
163:183,182
164:144,184,329
165:223,145,166,51
166:361,165,146,186,355
167:106,187,97
168:169,209,177
169:168,189,383,311,156
170:150,171,180
171:366,170,191,287,211
172:152,173,332
173:250,172,153,193,335
174:154,175,57
175:174,195,274
176:156,177,93
177:244,176,157,178,168
178:145,177,317,158,179,200
179:283,178,160,160
180:200,361,21,142,170
181:201,353
182:162,183,58,163,325
183:182,163,184,259,16
184:183,164,185,247,209
185:282,184,186,25
186:185,166,187,119,112,99
187:186,167,207,88
188:208,93
189:243,67,169,190,306,375
190:189,210,382
191:171,192,398
192:191,212,366
193:173,213,96,256
194:214,114
195:329,175,215,11,338
196:90,216,366
197:248,198,326
198:320,197,199,7
199:198,219,291
200:180,201,266,263,178,219
201:200,181,221,162,335
202:203,386,215
203:202,223,250,78
204:224,263,310
205:225,368,79
206:207,307
207:41,206,7,187,227,300,219
208:188,228,30,56
209:168,229,184,54
210:101,190,211,97
211:210,212,171,158
212:211,192,232,3
213:301,23,193,233,318,77
214:129,194,215,157
215:220,130,214,195,235,202,278
216:26,93,196,217,377
217:216,237,376
218:219,302
219:218,199,200,207
220:240,215,84,239
221:201,222,260
222:221,223,353,271
223:222,203,224,165
224:223,204,244,291,334
225:80,205,245,88,73
226:227,299
227:384,226,207,228,251
228:227,208,248,101
229:209,230,27
230:121,229,250,29
231:386,287,11,232,371
232:231,212,233,96
233:232,252,213,234,384
234:149,233,235,235,136
235:260,234,234,215,255,335
236:256,313
237:340,217,238,333
238:237,239,137
239:388,238,220,325
240:220,260,25,81,115,19,259
241:242,313
242:241,262,84
243:263,189,111,314
244:300,224,264,177,291
245:225,246,247
246:105,245,247,49
247:184,125,245,246,267,345
248:228,268,197
249:250,3
250:22,203,108,249,230,270,173,354,95
251:227,252,21
252:251,253,233
253:252,254,368
254:253,255,106
255:393,254,235,275,292
256:236,276,193
257:277,258,359
258:346,257,278,270,398
259:183,12,240,10
260:240,280,235,221,279
261:281,278,75
262:0,242,282,5,357
263:243,283,200,204
264:244,284,349,132,379
265:266,151
266:200,265,267,120
267:126,266,247,268,344
268:267,248,269,106
269:343,268,289,14,274
270:250,271,153,258
271:3,110,270,291,222
272:273,73,392
273:272,293,286
274:294,269,175
275:255,295,96
276:141,256,277,379,319
277:353,276,257,278,315
278:261,277,258,298,215
279:382,260,146
280:260,281,73
281:280,261,301,156
282:262,302,185
283:263,284,179
284:283,264,285,58
285:302,284,305,116,369
286:287,36,273
287:286,47,307,231,171
288:289,145
289:323,288,269,290,68,18,98,119
290:289,310,137
291:102,224,347,271,292,244,199
292:291,293,323,94,255
293:292,273,294,367
294:293,274,314,345
295:46,275,315,94
296:82,107,316,84
297:298,58
298:322,297,278,318,11
299:226,72,319,155
300:301,244,207,35
301:300,281,302,213,122
302:301,282,303,285,218
303:302,323,374
304:305,388
305:304,285,306,151,50
306:321,305,307,38,189,350
307:381,206,306,287,308,5,29
308:307,309,351
309:308,329,156
310:380,290,330,204
311:324,66,312,169
312:311,332,105
313:241,314,57,236
314:313,294,334,243,395
315:295,335,120,277
316:296,336,118
317:92,337,178
318:213,298,338,14
319:55,299,339,276
320:321,198
321:320,341,306,327
322:342,298,32
323:303,324,289,292
324:323,325,311
325:324,326,182,239
326:325,346,127,197
327:347,321
328:348,82,10,91,34
329:164,309,330,195,390
330:329,310,331,352,332
331:64,330,332,45
332:331,172,312,352,330
333:334,383,237
334:333,314,354,224
335:44,6,173,235,315,336,201
336:335,316,356,371
337:371,394,317,338,365
338:337,318,358,195
339:319,359,346
340:360,237
341:321,361,385
342:322,362,133,151,351
343:344,269,387,349
344:343,345,101,267
345:344,365,119,247,294,355
346:326,347,258,89,339
347:346,327,348,291
348:347,328,368,32
349:264,369,343,118
350:40,351,306
351:308,350,371,342
352:25,330,332,353,47
353:181,222,352,354,277
354:61,353,334,355,250
355:166,154,354,356,345
356:355,336,376,24
357:113,377,262
358:338,359,61
359:358,339,379,257
360:340,380,396,379
361:180,341,381,166
362:342,382,55,389
363:364,68,65
364:43,363,384,46,15,137
365:24,345,385,367,337
366:367,171,192,196
367:365,366,387,47,293
368:205,348,369,373,33,253
369:368,349,389,285
370:371,388
371:370,231,351,372,337,336
372:371,392,131
373:368,374,35
374:303,30,373,394,376
375:376,189
376:161,374,375,356,377,44,217
377:216,376,357,397,151
378:58,398,41
379:276,359,360,264
380:360,0,310
381:1,361,1,307
382:362,2,279,190
383:3,96,146,169,333
384:364,385,227,233
385:341,384,365,386,18
386:202,385,387,231
387:386,367,388,343
388:304,387,8,239,370
389:369,390,362
390:109,389,10,329,133
391:11,25
392:372,12,272
393:394,255
394:393,374,395,337
395:103,394,396,314
396:360,143,8,71,13,395,16,24
397:377,17,133
398:150,191,378,399,258
399:398,19,61
