0:20,73,19
1:2,279,43
2:1,3,249,284
3:261,2,4,17,383
4:141,3,5,29,384
5:4,25,149,385,55
6:142,26,330,386,150,59
7:381,8,87,387
8:360,7,9,371,388
9:8,29,285
10:11,382,11,131
11:10,12,10
12:11,13,207,392
13:12,33,99
14:15,42,74
15:91,14,16,237
16:15,17,291
17:3,16,18,396,397
18:234,17,38,161
19:232,96,0,373
20:0,21,170,113
21:20,22,320
22:21,23,23,51
23:41,22,22,24,230
24:23,25,396,192
25:321,24,5,45,68,348
26:6,27,258,298
27:26,28,227
28:27,29,129,37
29:4,105,28,9,30,45
30:29,50,338
31:51,184
32:52,158,275
33:13,53,206
34:54,156
35:36,231,159
36:35,95,56,150
37:38,28
38:37,18,39,356
39:38,59,373
40:60,209,52,59
41:61,23,112
42:62,184,14
43:63,1
44:45,199,317
45:44,25,46,380,145,207,29
46:45,66,314
47:67,358
48:68,238,236
49:50,202
50:49,30,70,78,132,255
51:107,31,71,22,331,279
52:32,53,40
53:128,52,33,54,389
54:86,53,233,34,74,264,254
55:212,56,5
56:55,36,57,282
57:333,56,77,65
58:263,59,219
59:122,367,58,39,40,6
60:40,61,296
61:60,41,62,94
62:61,42,63,227,170
63:62,43,83,287,153
64:65,275
65:64,85,137,57
66:46,67,168,371
67:66,246,47,87,381
68:25,48,88,307
69:342,89,220,195
70:50,90,261
71:51,72,165
72:71,73,221
73:0,72,93,169,194
74:54,75,14
75:74,76,138
76:281,75,96,278
77:221,168,215,57,78,326
78:50,77,79,167
79:389,78,99,272
80:81,268,99
81:80,280,82,115
82:81,83,275,209,390
83:82,63,103,387
84:104,256
85:65,105,277,327,237
86:106,54
87:7,67,107,144
88:183,68,108,283,358
89:69,109,343
90:70,110,274,156
91:383,266,306,111,15
92:182,93,368,276
93:92,73,113,269
94:61,95,202,294,179
95:346,94,115,36
96:272,76,97,19
97:211,96,117,378
98:99,114
99:13,98,79,80,130
100:120,339,196,119
101:102,365,283,193
102:101,122,160,205
103:83,123,387
104:84,105,169
105:104,85,125,29
106:86,107,357,214,155
107:106,87,127,51,313
108:88,128,207,114
109:89,110,189
110:227,109,90,130,349
111:91,131,262
112:285,132,41
113:93,133,20
114:134,108,98
115:81,95,116,321
116:180,115,136,237
117:97,118,292
118:117,138,165
119:100,391
120:100,121,130,139
121:120,122,371
122:121,102,123,59
123:122,103,143,135,316
124:125,273
125:124,105,126,378,175
126:125,146,288
127:300,107,147,329,147,377
128:108,148,53
129:28,149,351
130:120,110,131,284,99,359
131:144,130,111,151,10
132:112,152,50
133:113,153,310
134:114,135,275
135:123,134,155,272
136:362,116,156,348
137:65,138,243
138:75,137,118,158,233
139:184,120,381
140:141,374,220,289
141:140,161,4
142:162,6
143:123,163,261,229,151
144:164,131,206,87
145:165,45
146:126,147,396
147:146,127,167,127
148:128,149,290
149:5,148,129,150,234
150:149,151,6,174,36
151:150,131,171,143
152:351,132,153,393
153:152,133,154,63
154:244,153,174,298,218
155:308,135,175,106
156:34,136,176,90
157:177,192
158:32,356,138,159,315,378
159:208,158,179,35
160:161,385,102,179
161:160,141,162,282,18
162:161,142,163,254,163
163:162,143,183,162,217
164:144,184,185,354
165:302,145,166,302,71,118
166:165,186,231,291
167:323,147,187,307,78
168:66,188,77
169:104,247,170,214,73,353
170:20,169,171,62
171:170,151,172,315,273
172:171,173,224
173:172,193,263
174:154,194,150,197
175:155,195,125
176:187,156,196,262
177:157,197,212
178:198,276
179:159,160,94
180:181,116,185
181:180,201,355
182:183,92,292
183:182,163,184,88
184:42,183,164,204,139,31
185:164,186,180
186:185,166,206,234
187:260,167,207,176
188:168,189,225
189:188,109,209,323
190:304,210,200
191:192,328
192:191,193,24,157
193:192,173,194,101
194:193,174,214,73
195:175,215,69,397
196:352,176,216,100
197:335,177,217,174,258
198:253,178,218,210
199:44,226,219,346
200:201,260,190,399
201:200,181,202,316
202:201,203,240,49,94
203:202,204,287,277
204:203,184,205,261
205:204,206,102
206:205,186,207,144,33
207:206,187,208,45,108,12
208:207,209,159
209:40,208,189,210,82
210:209,190,211,381,198
211:245,368,210,212,97
212:211,232,55,177
213:365,233,229
214:169,194,215,106
215:214,195,235,77
216:196,217,225
217:216,197,218,163
218:217,198,238,154
219:58,199,239,342
220:221,140,69,239
221:220,241,77,223,384,72,373
222:242,255
223:224,221,338
224:223,244,285,172
225:245,317,188,216
226:246,199
227:62,27,247,110,347,288
228:248,238,293
229:320,385,249,143,270,213
230:23,250,354
231:166,232,257,35
232:231,212,233,19
233:287,232,213,234,54,336,138
234:186,149,233,235,18,334
235:344,234,215,255,380
236:256,48
237:15,375,116,238,85
238:286,48,228,237,218,258,301
239:370,219,220,242
240:260,306,202
241:221,261,266,296
242:222,262,278,239
243:263,288,248,271,137
244:224,264,154,325
245:225,246,211
246:361,245,226,247,67,256,318
247:246,227,267,169
248:343,366,228,268,243
249:2,229,250,390
250:249,230,251,369,372,259
251:250,252,302
252:251,272,273
253:273,198
254:162,255,54
255:222,332,254,235,275,50
256:84,236,257,246
257:386,231,295,256,258,391
258:26,257,238,259,197
259:258,279,250
260:200,240,261,187,279
261:260,241,281,3,143,204,70
262:242,282,286,111,176
263:243,283,58,388,173,314
264:341,244,265,300,54
265:264,285,323
266:241,286,91
267:247,268,392,337
268:80,267,248,288,342
269:270,320,93
270:269,271,229
271:270,272,243
272:271,252,273,96,135,79
273:124,252,272,253,274,171
274:90,273,294,384,315
275:82,64,134,255,295,32
276:277,92,178
277:85,276,297,203
278:242,76,298,287
279:1,322,259,260,51
280:300,81
281:261,301,76
282:161,262,283,338,56
283:282,263,284,101,88
284:283,304,2,130
285:224,265,305,112,9,349
286:262,266,287,238
287:63,203,286,288,233,310,278
288:243,126,287,268,289,227
289:324,288,309,140
290:148,291,300
291:290,292,166,16
292:340,364,291,312,182,117
293:294,228
294:293,274,295,94
295:294,275,296,257
296:60,295,316,241
297:277,317,379
298:154,278,318,26
299:396,319,318
300:280,301,127,264,307,290,319
301:300,281,302,366,238
302:301,303,165,165,345,251
303:302,304,387
304:303,284,324,190
305:285,306,344,369
306:240,363,305,307,91
307:306,167,327,300,68,350
308:309,155
309:308,289,329,368,311
310:330,287,133
311:331,309
312:292,313,377
313:312,314,107
314:46,313,334,263
315:171,335,274,158
316:201,296,336,123
317:225,297,337,44
318:298,338,246,299
319:299,300,344
320:340,229,21,269
321:341,25,115
322:342,279
323:343,167,265,189
324:304,325,289
325:324,326,244
326:325,327,330,77
327:326,307,347,85
328:348,388,191,393
329:127,309,330,382
330:6,326,329,310,350,356
331:311,332,51,355
332:331,352,255
333:380,353,57
334:314,354,234
335:315,355,197,379
336:316,356,233
337:317,338,267
338:282,30,337,318,358,223
339:100,359,352
340:320,360,292
341:321,342,264
342:341,322,343,69,268,219
343:342,323,363,248,89
344:345,235,305,319
345:344,365,302,395
346:366,95,199
347:327,367,227
348:328,368,25,136
349:350,285,110
350:349,330,370,307
351:129,352,152,391
352:351,332,372,196,392,339
353:333,354,169
354:230,353,334,374,164
355:181,394,335,356,331
356:330,355,336,357,158,38
357:106,356,358,358
358:47,357,357,338,378,88
359:339,379,130
360:340,361,8,398
361:360,381,246
362:382,136
363:343,364,306
364:363,384,292
365:101,345,366,213
366:301,365,346,386,248
367:347,387,59,374
368:348,388,211,309,92
369:370,305,250
370:369,350,390,239
371:121,8,372,66
372:371,352,373,250
373:372,374,221,19,39
374:140,373,354,394,367
375:395,237
376:396,381
377:312,397,127
378:125,97,358,379,158
379:297,378,359,399,335
380:381,333,45,235,399
381:380,361,382,7,67,210,376,139
382:381,362,383,396,329,10
383:382,3,91
384:364,4,221,274
385:160,5,229
386:366,6,257
387:83,103,303,367,7,390
388:328,368,8,263
389:390,79,53
390:387,249,389,370,391,82
391:390,392,351,257,119
392:267,391,12,352
393:152,394,328
394:393,374,395,355
395:394,375,396,345
396:382,24,146,395,376,397,299,17
397:396,377,17,195
398:399,360
399:398,379,380,200
