0:20,373,341
1:21,393,241,381,38
2:22,38,324
3:4,317,383
4:3,24,184,384,312,56
5:6,109
6:281,5,7,393,386
7:103,6,27,374,387
8:28,37,388
9:29,180,97
10:129,30,185
11:323,31,164,391
12:350,13,368,392,96
13:343,12,14,146
14:13,15,88,394,296
15:300,14,35,219
16:274,17,221,396
17:331,16,18,203,259
18:17,38,315
19:202,108,39,31,399
20:0,40,217,162,53,174
21:1,22,389,234
22:21,2,42,80,68
23:43,214,188,397,378
24:4,44,139
25:26,238
26:25,27,265
27:201,26,7,47,47,228
28:184,8,29,156
29:28,9,49,345
30:10,31,277,73
31:30,11,32,59,19
32:286,31,52,370,252
33:53,280
34:54,390
35:332,15,55,143
36:89,37,272,138
37:164,264,8,36,57,97
38:2,74,18,39,1
39:166,67,269,370,38,19,59,366
40:20,41,181,59
41:40,42,52,208
42:41,22,62,373,124,248,328,210,330
43:23,44,321,197
44:43,24,45,380,367
45:44,46,260
46:283,45,66,64
47:365,27,27,48,145
48:47,49,276,192,177
49:48,268,29,50,285,79
50:49,70,285
51:227,389,71,93
52:41,32,53,320
53:242,83,52,33,73,20,258
54:34,55,353,298
55:54,35,75,376
56:76,4
57:109,37,77,380
58:140,59,79
59:346,207,31,58,39,40,102
60:61,145,181,79
61:60,81,391
62:42,63,399,151
63:380,62,64,213
64:63,65,238,46
65:64,85,220
66:244,46,86,249
67:68,39,398
68:67,88,22,351
69:89,237
70:50,71,319
71:70,51,91,263
72:92,332,293
73:265,53,93,30
74:75,38
75:74,55,76,233,395
76:333,75,56,77,101,319
77:76,57,97,274
78:79,386
79:58,78,60,49
80:81,273,22
81:80,61,101,222
82:83,180,266,338
83:82,84,53,128
84:83,104,286
85:220,65,105,101,167
86:182,66,106,123,136,117
87:107,219,272,354
88:68,89,105,14,114
89:88,69,109,36,230
90:329,110,260
91:130,71,111,267
92:169,72,112,103
93:51,73,94,398
94:387,93,95,257
95:94,96,169,355
96:364,95,97,12
97:260,170,96,37,77,117,9
98:118,279
99:304,119,329
100:120,326
101:81,121,341,85,76
102:221,122,348,59
103:104,7,226,92
104:103,84,105,254,110
105:104,85,125,320,88,388
106:86,107,122,153,317
107:106,87,127,129
108:109,19,339
109:5,108,89,110,57,209,369
110:109,90,111,104
111:110,91,131,123
112:146,92,113,249
113:112,114,373
114:113,134,88,159
115:325,116,377
116:303,115,117,197
117:116,97,137,86
118:98,138,240
119:99,139,271
120:100,140,295,152,139
121:101,141,344,123,279
122:102,123,176,106
123:122,143,121,86,111
124:125,42
125:280,124,105,145,258
126:127,362,191
127:126,107,147,214,311
128:342,129,83
129:107,128,149,10,294
130:131,91
131:305,130,111,151,259
132:152,262
133:134,148
134:284,133,114,135,136
135:134,136,276
136:352,134,135,137,86
137:136,117,138,325
138:137,118,139,36
139:24,138,119,120,253
140:120,160,58,161
141:121,161,338,175
142:143,289
143:361,142,123,163,165,314,35
144:362,164,166,377
145:60,125,165,326,47
146:166,112,13
147:127,167,316
148:149,265,133
149:347,148,129,169,178
150:170,217
151:131,152,62
152:263,206,151,132,153,120
153:152,173,106
154:391,155,303
155:154,156,222
156:28,155,176,279
157:276,177,371
158:159,200
159:250,158,179,114
160:140,180,263,179
161:141,181,140,394
162:182,20,363
163:143,164,194
164:163,144,184,37,11
165:143,243,145,185,342
166:144,146,186,39
167:147,187,85,392
168:169,391
169:223,168,149,170,92,95
170:327,169,150,171,97
171:170,191,376
172:282,192,353
173:153,193,212
174:194,20
175:195,141
176:122,366,156,196,374
177:157,197,48
178:348,149,198,293,218
179:185,375,159,160,313
180:160,181,395,82,9,199
181:40,180,161,182,60
182:181,162,183,86
183:182,203,360,287
184:4,164,204,28,309,374,357
185:165,186,179,10
186:185,166,187,268
187:262,186,167,188,301,229
188:187,189,23
189:188,190,357
190:189,210,333
191:171,211,126,315,238
192:172,193,48
193:192,173,194,263,273
194:240,163,386,289,193,174,214,223
195:175,196,369
196:195,176,216,252
197:116,177,198,43
198:216,197,178,199,341
199:198,180,376
200:220,294,285,158,219
201:221,27
202:203,19
203:202,183,204,286,291,17
204:203,184,205,243
205:204,225,322,337
206:207,152
207:206,208,59,257,239
208:207,228,41
209:210,109
210:209,190,211,42,219
211:210,191,231,221
212:213,254,173
213:63,245,212,233,223
214:23,127,194,234,220
215:216,281
216:320,215,196,236,198
217:20,150,237,381
218:238,178
219:87,292,15,200,210
220:200,240,85,65,214,239
221:360,201,241,102,222,211,16
222:81,242,221,155
223:243,169,213,194,297
224:225,326
225:224,205,245,246
226:227,103
227:302,226,247,51
228:208,229,27
229:228,249,187
230:326,231,89,371
231:230,211,251,309
232:252,345
233:213,253,282,75
234:214,254,21
235:340,255,258
236:216,256,244
237:69,217,238,326
238:64,25,237,218,258,191
239:220,207
240:220,241,194,118
241:240,221,261,1
242:222,262,53,376
243:223,263,165,204
244:245,66,236
245:244,225,265,213
246:225,266,277,372
247:227,267,334,256
248:249,42
249:66,248,229,269,396,112,254
250:251,159
251:250,231,271,283
252:232,253,32,196
253:252,233,273,328,139
254:104,212,234,274,249
255:235,256,352
256:255,236,257,247
257:301,94,256,258,207
258:125,235,257,238,278,53
259:321,131,279,17
260:280,97,45,90,279
261:241,262,324
262:261,242,263,187,132
263:160,262,243,264,152,71,193
264:263,284,37,379
265:245,266,73,26,148
266:265,246,286,82
267:247,268,393,91
268:384,186,267,269,49
269:268,249,270,39
270:269,271,290
271:270,251,291,356,119
272:292,87,36
273:80,253,274,193
274:273,254,275,16,77
275:274,295,349,336
276:383,48,135,277,157
277:246,30,276,297,395
278:258,279,302,399
279:156,98,278,259,260,121
280:260,281,125,33,299
281:280,282,6,393,215
282:281,283,172,233
283:282,284,46,251
284:283,264,304,134
285:286,200,49,50
286:203,84,285,266,287,32
287:286,288,183
288:287,308,383
289:142,309,194
290:270,291,358
291:290,271,292,203
292:291,272,293,219
293:292,313,72,178
294:200,295,129
295:120,368,294,275,315,382
296:297,14
297:296,277,317,223
298:299,54
299:298,280,306
300:301,15
301:300,321,257,187
302:303,227,353,278
303:302,323,116,154
304:284,324,99
305:325,131,358
306:307,375,299
307:306,308,343
308:307,288,328,376,313
309:289,329,184,231
310:311,319
311:310,331,127
312:332,4
313:293,333,308,179
314:334,143
315:295,335,191,18
316:147,336,361
317:3,297,337,106
318:319,346
319:70,310,318,339,76
320:340,216,105,52,339
321:301,322,259,43
322:321,323,385,205,334
323:322,303,343,11
324:261,304,344,2
325:305,326,115,137
326:100,224,145,325,346,230,237
327:328,170
328:327,308,348,42,253
329:309,349,90,99
330:350,42
331:311,332,17
332:331,72,312,352,35
333:190,313,334,76,396
334:382,247,333,314,354,322
335:315,355,342
336:316,337,275
337:336,317,338,205
338:141,337,339,82
339:338,319,320,108
340:320,360,235,359
341:101,361,0,198
342:362,128,165,335
343:323,363,13,307
344:121,324,364,373
345:365,350,29,232
346:326,366,59,318
347:367,149
348:102,328,368,178
349:329,369,386,275
350:345,330,351,12
351:350,371,68
352:332,372,136,255
353:172,373,302,54
354:334,355,87
355:354,335,356,95
356:271,355,357,378
357:189,356,358,184
358:290,357,359,305
359:358,340,393
360:340,380,221,183,379
361:341,381,143,316
362:342,382,144,126
363:343,364,162
364:363,344,384,96
365:345,366,47
366:365,346,386,176,39
367:347,368,44
368:367,348,388,295,12
369:385,349,389,109,195
370:371,39,32
371:370,351,372,230,157
372:371,352,373,246
373:0,42,344,372,113,353,393,396
374:7,394,184,176
375:306,376,179
376:308,171,55,375,396,242,199
377:115,397,144
378:356,398,23
379:360,264
380:360,381,63,44,57
381:380,361,1,398,217
382:362,383,334,295
383:382,3,276,288
384:364,4,268
385:322,386,369
386:385,366,6,194,349,78
387:7,94
388:368,8,105
389:21,369,390,51
390:389,391,391,34
391:61,168,390,390,11,154
392:12,167
393:1,6,267,373,394,281,359
394:393,374,14,161
395:180,396,75,277
396:249,373,395,376,16,333
397:377,398,23
398:381,93,397,378,399,67
399:62,398,19,278
