0:20,184
1:360,21,260,381,169,337
2:3,8,382
3:2,4,110,383,215,277,359
4:3,5,41
5:4,6,200,385
6:5,26,145
7:8,38,387
8:2,7,28,387,388
9:29,285,389,233
10:30,324,317
11:31,226
12:32,57,392,336
13:84,111,33,104,393
14:105,34,38
15:16,133
16:234,15,36,32,396
17:37,156,397
18:209,252,33,354,19,394,398
19:18,39,41,399
20:0,40,282,381,39
21:1,41,388
22:23,26
23:22,24,89,226,29
24:23,44,295
25:45,244
26:22,6,27,73,137
27:26,47,363
28:8,48,199
29:9,30,23
30:208,29,10,31,172
31:30,11,32,369,254
32:85,31,12,33,382,194,16
33:32,13,34,18,73
34:33,14,54,167,117,279
35:55,162
36:16,56,160
37:17,38,121
38:7,14,37,39,128
39:263,38,19,20,375
40:20,41,318,203,269
41:40,21,42,80,4,155,19
42:41,43,121
43:42,63,252
44:24,45,118,190
45:44,25,65,76
46:47,64,327
47:46,27,67,92
48:28,68,228
49:50,392,255
50:49,70,175
51:168,71,77,357
52:324,72,381
53:382,227,248,328,54,215
54:191,53,34,55,347
55:149,373,54,35,75,212
56:283,309,36,57,230
57:60,12,56,77,159
58:59,120
59:58,79,309
60:80,57,158,319
61:81,95
62:82,287,159
63:320,43,64,134
64:63,65,218,46
65:122,64,45,85,142
66:140,86,171
67:47,68,215
68:67,48,88,305,231
69:242,70,146,289
70:228,69,50,71,206
71:70,51,91,288
72:52,73,369
73:26,72,92,74,33
74:180,73,94,236,399
75:162,55,76,150,238
76:45,75,77,334
77:51,76,96,57,78,222
78:77,79,297,358
79:144,133,78,59,99,375
80:60,81,94,41,303
81:80,61,82,321
82:81,62,83,160
83:82,103,376
84:85,13,113,273
85:102,84,65,105,32,306
86:161,66,87,346,268
87:182,86,88,366
88:87,68,108,346,139
89:23,109,134,333,177
90:91,259
91:90,71,92,141
92:47,91,112,73
93:94,359
94:80,93,74,95,96
95:61,241,94,96,152,175,377
96:392,94,95,116,77
97:98,358
98:312,97,118,132
99:318,79,119,146
100:101,154,386,119
101:100,121,223
102:122,85
103:83,123,123
104:383,124,152,304,13
105:85,106,14
106:105,107,363
107:265,106,108,178
108:107,88,128,118
109:89,110,303
110:3,109,130,146
111:131,13
112:92,132,263
113:133,84
114:343,134,319
115:135,222
116:96,136,257
117:355,118,34
118:44,165,365,108,117,98,119,133,119
119:118,99,100,118
120:121,227,58
121:120,101,141,314,42,364,37
122:102,123,65
123:122,103,103,143,254
124:104,125,286,198
125:202,124,145,187
126:127,198
127:126,147,332
128:108,129,357,38
129:128,130,304,174
130:129,110,150,392,152
131:111,151,386
132:112,133,252,395,98
133:361,345,132,113,153,79,15,118
134:63,89,114,135,237
135:249,134,115,136,242,239
136:334,135,116,137,295
137:136,157,26
138:139,327
139:138,159,88
140:160,66
141:121,161,219,91
142:162,350,65,267
143:123,144,221
144:143,164,79
145:125,165,391,6,188,310
146:147,147,69,110,99
147:146,146,127,148,298,212
148:147,168,173
149:150,55
150:149,130,170,173,75
151:131,171,285,219
152:104,153,130,95
153:163,152,133,154,350
154:100,153,155,174
155:154,175,41
156:157,177,17
157:156,137,177,272
158:183,159,60
159:294,57,158,139,179,62
160:140,180,348,82,36,179
161:141,162,86
162:161,142,163,75,362,35
163:220,162,164,153
164:163,144,165,358,192
165:164,145,166,118
166:165,167,242
167:166,187,273,34
168:148,188,51
169:170,1
170:280,169,150,190,174
171:66,151,172,296
172:30,171,192,374
173:148,150,174,283,335
174:170,173,154,194,129
175:50,155,176,95
176:181,314,175,196,212
177:156,157,178,89
178:107,349,177,198,338
179:159,160,220
180:160,181,74
181:180,201,176
182:183,87,247,288,332,195
183:182,203,158
184:0,185,335
185:184,186,398,387
186:185,187,362,232
187:125,186,167,207,266
188:168,208,145
189:221,308,209,250,351
190:170,191,44
191:243,388,190,211,54
192:172,212,164,218
193:211,213,264
194:264,174,214,32
195:371,196,182
196:195,176,197,379
197:284,196,198,219
198:126,274,197,178,218,124
199:28,219,258
200:201,336,5,219
201:200,181,221,285
202:203,125
203:202,183,223,40,245,270
204:205,335
205:204,206,394,374
206:205,207,256,70,313
207:206,187,208,223,370
208:286,207,188,209,30,331
209:208,189,229,18
210:262,230,278,214
211:191,231,193
212:192,213,147,55,176
213:244,212,193,214,295
214:213,194,234,210
215:67,53,216,3
216:215,236,305
217:237,383
218:64,225,198,219,192
219:141,197,218,199,200,151
220:221,163,301,179,239
221:220,201,222,189,143,256
222:221,242,319,115,77
223:101,203,243,280,207
224:225,373
225:224,245,218
226:246,23,11
227:120,247,53
228:48,248,70,397,278
229:209,249,344,393
230:210,250,289,56
231:211,251,68
232:252,186,272
233:253,9
234:214,235,16
235:240,234,236,281
236:74,235,216,237,261
237:134,236,217,257,339
238:239,75
239:238,220,135
240:241,235,367
241:240,242,95,344,375
242:241,222,262,69,166,135
243:223,244,191
244:243,245,213,25,305
245:244,225,265,203
246:226,247,254
247:246,227,267,182,253
248:228,249,53
249:248,229,269,135
250:189,230,251,384
251:369,250,231,252,320
252:43,251,132,232,272,18
253:348,233,273,247
254:123,246,390,255,31
255:254,256,49
256:321,206,255,276,221
257:116,237,277,272
258:271,259,358,199
259:90,258,279,293
260:280,344,1
261:262,296,236
262:261,242,263,210,287
263:262,264,39,112
264:263,265,194,193
265:264,245,266,107
266:265,267,369,187
267:266,247,268,142,350,398
268:267,288,86,276
269:249,289,40
270:271,203
271:270,272,258
272:271,252,273,232,157,257
273:167,272,253,293,84
274:366,294,198
275:276,391
276:275,256,296,268
277:257,278,3
278:210,277,298,228
279:259,299,34
280:260,300,170,223,299
281:301,320,235,296
282:20,302,343
283:340,303,56,173
284:304,197
285:201,286,363,9,151,339
286:124,285,306,208
287:62,288,262
288:287,268,289,182,71
289:288,269,290,69,230
290:289,291,369,396
291:323,290,292,356
292:291,293,352
293:292,273,313,354,297,259
294:322,274,295,159
295:24,213,294,296,328,136
296:261,171,295,276,297,281
297:296,298,293,78
298:147,297,278,299,299
299:298,298,279,280,344
300:280,301,319
301:300,281,302,220
302:301,282,322,342
303:283,304,80,109
304:303,284,324,104,129
305:306,244,68,216
306:305,286,326,85
307:308,390
308:307,309,189
309:308,329,56,59
310:330,145
311:312,315
312:311,332,98
313:293,333,206
314:121,315,176
315:311,353,314,335,387,356
316:317,348
317:316,318,10
318:40,317,319,99
319:300,222,114,318,339,60
320:340,63,281,251,339
321:380,81,341,256,330
322:302,323,294
323:322,324,291
324:323,304,325,52,10
325:324,345,380
326:306,327,348,379
327:326,328,46,138
328:327,348,53,295
329:309,349,350
330:310,350,321
331:384,368,332,208
332:127,331,312,333,182
333:332,313,353,89
334:354,136,76
335:184,204,315,336,173
336:200,335,356,12,376
337:338,1
338:337,178,358,355
339:237,319,320,285
340:320,341,283
341:340,321,342,352
342:341,302,362,369
343:282,344,114,378
344:260,343,364,241,229,299
345:325,346,133
346:345,86,347,370,88
347:346,367,387,54
348:160,326,328,349,253,316
349:348,329,350,178
350:142,329,349,330,351,267,153
351:350,371,189
352:341,292,372,357
353:363,333,373,315
354:293,334,355,18
355:354,375,117,338
356:291,336,357,315
357:128,352,356,358,51
358:164,97,357,258,338,378,78
359:93,379,3
360:361,1,379
361:360,381,133
362:342,382,162,186
363:383,353,285,106,27
364:344,384,121,372
365:366,118
366:365,367,274,87
367:366,347,387,240
368:369,331
369:342,266,368,389,251,290,31,72
370:346,390,207
371:351,391,195
372:352,392,364
373:224,353,374,55
374:391,172,373,394,205
375:355,376,241,39,79
376:83,375,377,336
377:385,376,397,95
378:358,379,343
379:196,378,359,360,326
380:381,321,325
381:380,361,1,20,52
382:362,2,53,32
383:363,3,104,217
384:364,385,331,250
385:384,5,377
386:387,100,131
387:386,347,367,7,185,8,315
388:21,8,191
389:369,9,392
390:307,370,391,254
391:145,390,371,392,374,394,275
392:49,389,130,391,372,12,96
393:13,229
394:205,374,395,391,18
395:394,396,132
396:395,16,290
397:377,17,228
398:185,18,267
399:19,74
