0:20,115,21,326,49
1:2,363,381
2:300,1,3,106,382,227
3:2,4,145,383,314,37
4:181,3,5,89,46,226,58
5:4,6,40
6:5,7,380,107,348,389
7:6,27,318,56
8:247,28,352,388,313
9:10,144,389
10:80,9,30,18,92
11:87,31,313,391,179
12:125,207,69,13,270,174,156
13:12,14,198,393
14:186,13,15,128,394
15:147,14,16,132,395,97
16:15,36,53,396
17:18,143,298
18:10,17,38,154,398
19:256,39,388,399
20:0,40,50,39
21:22,0,121,294,317
22:21,23,118,95,199
23:22,24,160
24:23,25,196,391
25:24,26,207,36
26:25,27,395
27:26,7,47,396
28:8,48,77
29:185,30,167
30:241,65,29,10,50,346,211
31:385,11,51,274
32:190,52,227,354,178
33:34,364
34:33,35,280
35:34,55,327
36:285,16,37,25,239
37:36,57,3
38:248,53,18,58,295
39:100,19,20,240
40:20,41,130,5
41:40,42,399,282,244
42:41,62,68
43:44,153,292
44:43,64,355
45:161,65,175
46:66,4,116
47:365,27,67,181,307
48:28,49,380
49:48,128,69,0,133
50:20,30,51,351,277
51:50,31,52,372
52:51,32,72,386
53:54,38,16
54:210,53,74,344
55:35,75,106
56:76,7
57:201,37,58,197
58:57,38,78,4
59:79,60
60:80,253,397,59,79
61:62,180,72
62:61,42,63,79
63:62,83,345,154,339
64:44,65,297,388
65:64,45,85,30
66:305,46,86,179
67:47,87,140
68:42,346,69,391
69:68,49,89,12,299
70:71,157
71:70,72,150
72:71,52,92,61
73:311,74,210,219
74:73,54,75,271
75:74,55,95,217,196
76:341,56,96,140
77:28,78,259,118
78:77,58,98,174
79:381,62,59,60,153
80:60,81,10,171,271,99
81:80,82,139,243
82:81,83,322,134,295
83:82,63,103,98,363
84:104,247
85:65,86,232
86:85,66,106,246,249
87:67,88,11
88:87,108,139
89:143,4,287,69,109,261
90:110,259,194
91:111,277,139
92:72,93,10
93:92,94,246
94:309,93,114,188
95:75,115,22
96:265,76,97,151
97:303,267,229,350,96,98,15
98:83,123,264,97,78,99,327
99:236,98,80,336
100:120,39
101:102,372,230,157
102:101,103,210
103:102,83,123,109
104:84,124,269,284,151
105:106,195
106:320,2,105,86,126,170,55
107:127,6,278
108:88,128,376
109:103,89,129,280
110:90,130,137
111:91,131,360
112:132,205
113:114,215,334
114:113,94,115,355
115:0,114,95,116,390
116:115,136,46
117:384,245,126,118,149
118:22,117,138,77
119:139,148
120:100,140,125
121:122,21,214,138
122:121,123,375,290,217
123:122,103,143,98,291,197
124:104,125,376,148
125:120,124,126,12
126:142,125,106,146,117
127:107,128,247
128:127,108,129,49,233,14
129:128,109,130,201
130:40,129,110,150,369
131:111,132,230
132:131,112,152,155,15
133:153,49
134:322,135,82,377
135:184,134,155,368
136:328,116,156,170
137:110,138,199
138:189,137,118,139,121
139:280,81,88,138,119,159,91
140:120,141,299,67,332,76,159
141:140,142,152
142:141,162,126
143:123,144,89,17
144:143,164,276,9
145:3,164,146,254
146:145,126,147,230
147:146,167,15
148:168,124,119
149:162,202,150,309,253,117
150:149,130,170,319,71,175
151:152,104,96,276
152:141,151,132,153,312
153:43,152,133,154,193,393,79
154:153,155,63,396,18
155:206,270,132,154,135,156,391
156:155,136,176,12
157:70,158,101
158:310,157,178,215
159:139,140,385
160:161,308,23,272,273,198
161:160,162,45,349
162:161,142,163,149
163:162,183,305,337
164:144,184,145
165:185,235,258
166:167,307
167:166,147,187,229,29,378
168:148,188,393,191
169:170,222,218
170:106,169,150,190,239,136
171:172,80,192
172:171,173,177
173:172,174,234
174:173,194,12,78
175:183,45,176,150
176:175,156,177,253
177:172,176,178,226
178:177,158,198,32
179:66,370,199,11
180:200,362,61,263,199
181:182,4,47
182:181,183,289,375,358,259
183:182,163,184,175
184:183,164,204,135
185:165,186,29
186:185,206,14
187:167,188,337,209
188:187,168,208,326,94
189:190,138
190:189,170,210,32
191:211,168
192:302,382,212,171
193:153,194,221
194:193,174,195,90,374
195:222,105,194,215,297,376
196:24,352,197,75
197:196,57,217,123
198:392,13,257,178,199,160
199:137,198,179,180,22
200:180,220,344,321,345
201:221,57,129
202:222,149
203:223,392,387
204:184,224,378
205:206,220,112
206:205,186,226,155
207:25,227,12
208:188,228,366
209:229,187
210:102,190,211,54,73
211:210,191,231,30
212:192,232,345
213:214,233
214:213,234,121
215:113,195,216,289,158
216:215,236,270
217:75,197,237,122
218:219,169
219:218,239,73
220:200,240,296,205
221:201,241,258,193
222:202,223,195,169
223:222,203,243,299,255
224:204,225,308
225:224,245,339
226:206,227,4,177
227:226,207,247,2,32
228:208,248,284
229:167,209,230,97,335
230:146,229,231,101,131
231:347,230,211,251,328
232:85,212,233,293
233:232,213,234,128
234:362,173,233,214,254,391
235:165,255,290
236:216,256,99
237:217,238,358
238:237,258,305
239:170,219,259,36
240:220,260,317,262,39
241:221,242,30,398
242:241,262,259
243:223,244,81,330
244:243,245,41
245:244,225,246,117,275
246:245,86,247,267,308,93
247:84,246,127,227,267,8
248:228,249,38,351
249:248,250,86
250:249,270,326,312
251:261,231,252,380
252:323,251,272,344
253:60,273,149,176
254:145,234,255,344
255:254,235,256,223
256:255,236,276,19,338
257:258,198
258:221,257,238,278,165
259:242,90,77,239,279,182
260:240,280,324,279,319
261:281,251,89
262:242,263,240,371
263:262,264,180,366,390
264:263,284,98
265:360,285,96
266:286,317
267:246,247,268,97
268:267,269,383,369
269:104,268,289,278
270:250,290,155,12,216,399
271:291,80,74
272:252,292,160
273:253,274,160
274:31,273,294,382
275:295,245
276:144,256,277,151
277:91,276,297,50
278:269,258,298,107
279:259,260,293
280:260,281,139,109,34
281:280,261,301,313
282:302,41,296
283:284,346,318
284:283,264,304,104,228,288
285:265,286,36
286:285,266,287,381
287:286,288,89,293
288:287,289,284
289:182,288,269,309,319,215
290:270,310,122,235
291:271,292,123
292:291,272,293,43
293:232,292,313,287,279
294:274,314,21
295:340,275,315,82,38
296:220,297,282
297:64,344,306,195,296,277,298,312
298:297,278,299,17
299:140,223,298,319,69
300:320,2
301:281,302,337
302:301,282,322,192
303:304,97
304:303,284,305,399
305:380,163,304,325,66,238
306:326,297
307:166,327,47
308:160,224,309,246,331
309:308,149,289,310,94
310:309,290,311,158
311:310,312,73
312:327,311,152,332,250,297
313:281,11,293,333,8
314:294,334,3
315:295,316,372
316:315,317,320
317:240,364,266,368,316,337,21
318:7,338,283
319:289,150,299,339,260
320:300,321,106,316
321:320,322,200
322:321,82,302,323,134,395
323:322,324,252
324:260,323,344,350
325:305,326,360
326:325,306,327,0,188,250,356
327:361,326,307,328,312,35,98
328:383,327,329,136,231
329:328,349,375
330:331,243
331:330,332,308
332:331,312,333,140,353
333:332,313,353,393
334:372,314,335,113,336
335:334,336,229
336:367,335,356,334,99
337:301,187,317,357,163
338:318,358,256
339:225,319,359,63
340:341,295,394,359
341:340,342,76
342:341,343,373,379
343:342,344,389
344:200,343,324,345,297,252,54,254,359
345:63,344,346,200,212
346:283,345,366,68,30
347:367,231
348:368,6
349:329,350,161
350:324,349,370,97
351:50,352,248
352:8,351,372,196
353:333,373,332
354:355,32
355:44,114,354,375,397
356:336,357,326
357:356,337,377,395
358:237,338,378,182
359:339,340,344
360:380,265,325,111
361:381,327
362:180,382,234
363:1,364,83
364:363,384,317,33
365:385,47
366:346,367,263,208
367:366,347,387,336
368:348,388,317,135
369:389,268,130
370:350,390,179,373
371:391,262
372:101,51,352,373,334,315
373:342,372,353,393,370
374:375,194
375:122,329,374,355,395,182
376:124,386,108,396,195
377:357,397,134
378:204,358,398,167
379:399,342
380:360,381,305,6,48,251
381:380,361,1,79,286
382:362,2,192,274
383:3,328,268
384:364,385,117
385:384,365,386,31,159
386:385,387,376,52
387:386,367,388,203
388:387,368,8,64,19
389:343,369,9,6
390:370,391,263,115
391:68,390,371,11,24,234,155
392:203,393,198
393:168,392,333,373,13,153
394:14,340
395:26,375,15,322,357
396:27,376,16,154
397:355,377,398,60
398:397,378,18,241
399:41,304,379,19,270
