0:20,8,280,19
1:21,25,308,277
2:3,362,345
3:2,23,398,383,5
4:24,318,170
5:25,3
6:7,296,386,169
7:6,27,106,234,275
8:0,28,105,388
9:164,10,310
10:106,9,11,180,390
11:183,10,12,89,391,273,293
12:11,13,91,392,175
13:50,12,33,37,393,354
14:128,15,322
15:148,14,16,190,395
16:389,15,36,250
17:61,209,18,198,397
18:242,294,17,38,309,398
19:178,0,78
20:0,21,293,143,27,154
21:20,1,22,98,43,365,58
22:21,23,382,282,159
23:22,3,24,215
24:23,4,44,284
25:1,5,26,320,87
26:25,27,294
27:26,7,28,20,249
28:281,27,8,29,129
29:28,49,56
30:322,31,181
31:285,30,32,229,131,135,337
32:144,31,33,375,152
33:32,13,53,271,117
34:269,54,399
35:55,61
36:142,166,16,37,210
37:13,36,38,295
38:163,204,37,18,39,328
39:201,168,296,38,59,386
40:41,276
41:40,42,130
42:41,43,143
43:42,63,21,247
44:102,24,45,209,292
45:44,46,241
46:360,45,47,325,356
47:46,67,128
48:68,309
49:29,69,316
50:266,51,13
51:50,52,274
52:51,53,230,216,397
53:52,33,54,282
54:291,53,34,55,380
55:54,35,56,79
56:29,55,57,200,257,278
57:223,56,58,396,377
58:300,57,59,21
59:313,58,158,39,79,348
60:80,66,136
61:62,17,35,319
62:61,63,219,306,212
63:62,43,83,221,95
64:65,83
65:64,85,156,214
66:60,86,280
67:47,68,171
68:67,48,88,313
69:49,89,281,310,334,215,118
70:71,165
71:70,72,198
72:71,73,169
73:72,74,398,378
74:121,324,73,75,261
75:74,95,337
76:77,198,98
77:362,76,78,204
78:77,98,332,19
79:55,59,99,112
80:60,81,237,369,99
81:80,82,167
82:81,83,301,350
83:180,82,63,84,125,64,394
84:83,343,104,251
85:161,65,86,296
86:85,66,106,394
87:107,25
88:68,89,157,171
89:88,69,109,291,11,372
90:91,247
91:90,92,248,12
92:361,91,93,233
93:92,94,347
94:93,114,374
95:75,96,63
96:95,97,193
97:96,98,182
98:21,97,78,118,76
99:79,80,338
100:101,296,221,119
101:100,121,197,129
102:103,44
103:102,104,197,370
104:261,103,84,124,154
105:106,343,8
106:105,86,126,10,7,315
107:87,127,370
108:128,322
109:89,129,381
110:130,216,172
111:182,112,189,339
112:111,132,132,237,79
113:114,169
114:226,113,94,134,299
115:341,116,392
116:364,115,117,228
117:288,116,118,33
118:187,117,98,138,69
119:270,100,137
120:121,309,139
121:120,101,141,74,312
122:123,333
123:122,124,257,358
124:123,104,125,349,327,259
125:83,124,126,153
126:301,125,106,127,271,398
127:126,107,128,396,231
128:47,127,108,148,14,218
129:28,109,130,101
130:41,129,110,131,340
131:347,387,130,132,31,176
132:131,112,112,152,316
133:134,372
134:133,114,135,289
135:134,155,31
136:137,60
137:374,136,138,345,119
138:263,137,118,158,233
139:120,239
140:160,256,159
141:121,142,361,284
142:141,162,36,330,236
143:42,144,20,385
144:143,145,32
145:144,146,242,185,193
146:145,166,181
147:167,180
148:128,149,15
149:148,169,279
150:382,245,151,318,311
151:150,171,234
152:165,132,172,32
153:125,173,267
154:104,155,20
155:208,154,135,175,345
156:65,225,176,344,299
157:88,158,227
158:157,138,159,59
159:262,210,250,158,140,22,239
160:140,161,353,207,376
161:160,181,85,331
162:142,163,291,232,196
163:162,183,38,392
164:184,9
165:384,185,152,70,379
166:146,186,36
167:81,147,168,173
168:167,188,39
169:149,170,6,72,113
170:169,171,4
171:200,67,170,151,172,88
172:220,171,152,173,110
173:167,227,172,153,193,307,353
174:349,175,376
175:174,155,195,12
176:156,196,131
177:178,323
178:177,198,19
179:390,195,199,221
180:200,83,147,248,10,211
181:161,182,365,203,146,30
182:181,202,111,97,298
183:163,184,11,219
184:183,164,204,244
185:165,205,145
186:166,187,217,287,255
187:186,207,118,268
188:168,208,373
189:190,257,111
190:305,189,191,348,15
191:190,211,328,295
192:212,280
193:173,213,145,96
194:195,381
195:194,175,215,179
196:176,197,162
197:101,103,196,198,261
198:206,71,76,17,197,178,218,318
199:179,219,237
200:180,201,171,56,219
201:200,221,39
202:182,222,320
203:204,181,314
204:203,184,205,38,77
205:204,185,206,261,326
206:323,205,207,198
207:206,187,227,160
208:188,209,155
209:44,208,210,17
210:209,211,159,36
211:210,191,231,180
212:192,213,62,235
213:212,193,214,305
214:213,215,65
215:23,214,195,235,69
216:260,110,217,52
217:283,186,229,216,218,360
218:217,198,238,128
219:62,329,199,200,183
220:240,172,239
221:201,241,100,63,179
222:202,223,243,286
223:222,243,57
224:244,245,352,375
225:226,156
226:225,246,114,230
227:207,228,173,157
228:325,227,229,390,116
229:381,228,230,217,31
230:229,231,226,52
231:230,211,232,127
232:231,252,162
233:92,253,334,138
234:151,235,7
235:386,234,215,255,212
236:237,142
237:80,236,238,112,199
238:237,218,258,358
239:373,139,220,159
240:220,260,259,335,259
241:221,261,284,45
242:262,18,145
243:222,223,263,263
244:184,224,245,304
245:320,224,244,265,150
246:226,266,368
247:248,43,90
248:247,249,180,91
249:248,250,27
250:321,249,270,159,16
251:84,252,390
252:251,232,253,387
253:252,233,254,335
254:253,255,259
255:254,235,275,186
256:140,257,257
257:123,189,256,256,258,56
258:333,257,238,278,320
259:240,265,391,254,240,124
260:240,261,216,279
261:260,241,262,104,205,74,197
262:261,242,263,159
263:262,243,243,264,138
264:263,284,358
265:245,266,259
266:265,246,267,50
267:266,268,393,153
268:267,269,187
269:268,270,34
270:269,250,271,119,371
271:126,270,272,374,33,279
272:271,273,301
273:272,274,11,317
274:51,273,275,339
275:274,255,276,7
276:40,342,275,277,319
277:276,278,1
278:277,258,298,56
279:368,149,260,271
280:300,0,66,192
281:282,28,69
282:281,283,22,344,53
283:282,284,217,348
284:241,283,24,264,285,141
285:284,305,31
286:306,222
287:307,186
288:289,117
289:288,290,355,134
290:289,310,395
291:162,89,311,54,399
292:312,44
293:20,388,294,11
294:26,293,314,18
295:296,191,37
296:100,85,6,295,316,39
297:298,348
298:297,278,299,182
299:114,298,319,156
300:280,301,58
301:300,321,126,82,272
302:322,305
303:323,349
304:244,305,381
305:302,304,285,306,190,213,359
306:305,286,326,62
307:287,327,366,173
308:328,1
309:120,48,310,316,18
310:9,309,290,330,69
311:291,312,150
312:311,292,332,121
313:68,314,59
314:313,294,334,203
315:316,106
316:49,309,132,315,296,317,378
317:316,337,273
318:4,150,198,319,388
319:380,276,318,299,339,61
320:321,245,202,25,258
321:320,301,341,250
322:302,323,30,108,14,396
323:322,303,343,206,177
324:325,74
325:324,345,228,46
326:306,327,205
327:326,307,328,124
328:327,308,329,392,191,38
329:328,330,219
330:329,310,331,142,351
331:330,332,161
332:331,312,333,338,78
333:122,332,353,258
334:233,314,354,69
335:253,336,240
336:335,356,395
337:75,317,338,31
338:332,337,339,342,99
339:274,338,319,359,111
340:341,379,363,130,359
341:340,321,361,115,346
342:362,276,338
343:323,344,84,105
344:343,364,282,156
345:325,346,2,155,137
346:345,366,341
347:348,131,93,393
348:347,368,283,190,297,59
349:303,124,350,174,355
350:349,370,82
351:366,371,330
352:353,224
353:160,352,333,354,173
354:353,334,374,13,357
355:289,356,349
356:355,336,376,46
357:377,354
358:264,238,359,123
359:358,339,340,305
360:361,46,217,379
361:360,141,341,362,92
362:361,2,342,363,77
363:362,364,340,367
364:363,344,384,116
365:181,366,21
366:365,346,367,351,307
367:366,387,363
368:246,348,369,279
369:368,370,80
370:107,369,350,390,103
371:351,391,270
372:383,373,89,133
373:188,372,393,239
374:271,94,354,394,137
375:32,376,224
376:174,375,356,396,160
377:357,378,57
378:316,377,379,73
379:340,378,360,165
380:381,319,54,399
381:380,382,229,304,109,194
382:381,22,383,150
383:382,3,372
384:364,385,165
385:384,386,143
386:385,6,235,39
387:367,388,131,252
388:387,8,293,318
389:390,16
390:228,389,370,10,179,251,395
391:371,11,259
392:328,12,163,115
393:267,373,13,347
394:86,374,395,83
395:290,394,15,390,336
396:127,376,397,322,57
397:396,17,52
398:3,73,18,126
399:34,380,291
