0:1,299,136,19
1:0,2,326,46
2:1,3,220
3:2,23,345,383,148,111
4:5,311,105
5:4,25,309,250
6:26,241,38
7:8,254,387,76
8:200,7,28,93,298
9:10,296
10:9,11,316,94
11:10,50,31,124,391
12:106,288,32,209,392,73
13:289,33,68
14:243,15,98,394
15:380,249,14,16,26,395
16:61,207,15,36,364
17:56,37,74
18:390,19,40,398
19:18,0,365,399
20:21,259,306,39
21:20,41,253,168,254
22:42,386
23:3,24,115
24:23,44,250,97
25:5,45,314,230,271,332,277
26:6,46,211,15
27:47,379,92
28:8,48,117
29:49,347
30:103,31,361
31:30,11,32,45
32:31,12,52,399,233
33:13,34,313,353
34:33,54,361
35:241,151,55,349,335,159
36:16,37,167
37:36,17,57,120
38:39,6
39:386,127,267,38,20,264
40:41,49,18,258
41:40,21,42,102,313
42:41,22,43,182,102
43:42,63,88,53
44:120,24,64,252,309,293
45:25,65,126,31
46:26,47,1,227,308
47:46,27,48,325,170
48:47,28,49,385
49:40,48,29,69,389
50:181,70,11
51:85,71,60
52:32,53,71
53:84,52,73,43,95,79
54:305,34,74,345,337,179
55:35,75,260
56:76,17
57:364,37,77,297
58:323,59,228
59:162,58,79,317
60:80,190,51
61:81,16
62:82,284
63:43,83,276
64:44,84,292
65:45,66,95
66:81,65,67,293,226
67:66,87,351
68:88,257,13
69:344,49,89,368
70:369,50,90,319
71:51,91,333,52
72:92,271,357
73:320,361,53,74,12
74:73,54,94,303,17
75:282,55,95,179,237
76:56,96,7
77:303,57,97,345
78:79,269
79:78,59,99,53
80:60,81,371,174
81:80,61,101,66,365
82:62,102,242,343,131,116
83:63,84,293
84:83,64,104,53
85:105,51
86:87,383
87:86,67,88,191,371
88:43,87,68,89,229,149,191
89:88,69,90,155
90:89,70,110,378
91:126,166,71,111,185
92:72,93,27,352
93:8,92,94,132,173,279
94:147,93,74,95,10
95:65,94,75,115,53
96:76,116,128
97:395,77,98,24
98:14,97,118,106
99:176,117,79,119,327
100:120,275
101:81,121,348,330
102:41,82,103,42
103:102,123,30,153,393
104:84,105,245
105:104,244,284,85,106,4,256
106:105,107,12,98
107:106,206,108,182,198
108:107,387,128,232,189,235
109:110,222,129
110:109,90,111,273
111:110,91,131,3
112:221,113,296
113:161,262,112,114,132
114:265,113,134,126
115:23,95,116,287
116:115,96,136,82
117:28,118,99
118:300,215,117,98,138,145,199
119:201,222,99,139,190
120:100,140,44,345,37,139
121:101,141,171
122:142,179,196
123:103,143,189,304,328
124:144,218,11
125:145,343,269
126:45,146,91,114
127:147,39
128:108,148,149,96
129:381,149,109,195
130:150,247
131:111,151,82,312
132:133,293,93,113
133:132,134,395
134:133,114,154,253
135:155,154
136:116,137,0,338
137:251,136,138,273
138:137,118,139,385
139:138,119,120,356
140:120,160,377,159
141:121,142,331
142:141,122,143,302
143:142,123,144,148
144:143,124,164,380
145:125,146,267,118
146:145,126,166,147,317
147:146,127,148,94
148:143,147,128,168,3
149:128,129,169,88
150:301,130,151,237
151:150,131,152,35
152:151,172,299,336
153:154,103
154:153,134,174,393,135
155:187,89,213,135,175,361
156:157,253
157:156,177,320,218
158:159,221
159:158,140,35
160:140,161,316,373,318,179
161:160,162,113
162:161,182,59,252,178
163:183,347,291
164:360,144,165,302,190
165:164,166,313
166:165,146,167,91,379
167:166,186,187,190,36,297
168:148,188,21
169:149,189,313
170:190,47,210
171:121,191,205
172:152,173,332
173:172,193,93
174:272,154,175,80
175:389,174,155,176,197
176:175,177,99
177:240,176,157,178,303
178:177,198,162
179:122,223,75,160,54
180:200,351,281,397
181:182,50,377
182:181,42,162,202,237,107
183:163,184,323
184:183,363,204,386,253,316
185:260,186,339,91
186:185,187,167
187:186,326,167,207,155
188:168,189,340
189:123,188,169,190,108
190:60,167,189,170,191,164,119
191:87,190,171,192,88
192:283,191,212,245
193:231,173,213,234
194:195,392
195:194,215,129
196:224,216,122
197:247,175,217,363
198:242,178,199,107
199:290,198,219,118
200:180,220,8
201:221,119
202:182,203,374
203:202,223,351
204:184,205,312
205:204,225,238,171
206:226,107
207:187,227,16
208:228,315
209:229,226,12,234
210:225,211,170
211:26,210,212,331,374,356
212:211,192,213,229,399
213:212,193,233,155
214:351,215,372
215:214,195,235,118
216:196,236,219
217:197,218,302
218:124,217,238,157
219:216,199,239,246
220:200,221,313,2,239
221:220,201,222,112,158
222:221,242,119,109
223:203,243,179
224:225,196,228,276
225:224,205,245,210
226:206,246,66,209
227:324,207,247,46,331
228:307,208,229,224,58
229:88,228,209,230,264,212
230:229,250,25,378
231:232,193
232:108,231,252,250
233:213,234,32
234:193,233,254,209
235:215,255,108
236:216,256,243
237:182,150,257,75
238:205,367,218,258,312
239:219,220,387
240:260,177,259
241:242,35,6
242:241,82,222,243,198
243:242,223,263,14,236
244:264,105
245:104,225,265,285,192
246:226,247,398,219
247:246,227,248,197,130
248:384,247,249,362
249:248,269,15,310
250:24,230,270,5,232
251:252,137
252:44,264,251,232,253,162
253:21,252,273,184,134,156
254:7,234,255,21
255:254,235,256,358
256:255,236,257,105
257:382,68,256,237,258,302
258:257,238,278,40
259:20,240,331
260:240,261,185,55,279,319
261:260,262,307
262:261,263,113
263:262,243,283,361
264:244,284,252,229,358,39
265:245,285,114
266:286,337
267:145,287,39
268:340,269,394,388,350
269:268,249,270,125,349,273,78
270:269,250,290,342,391
271:272,25,72
272:271,292,174
273:110,253,274,269,137
274:273,275,386
275:100,274,276,328
276:63,311,275,277,224
277:276,278,25
278:277,258,298,342
279:383,287,260,93
280:281,303
281:280,301,180
282:283,75
283:282,362,263,284,192,333
284:62,283,264,304,105
285:245,265,286,391,398
286:285,266,306,309
287:267,307,279,115,376
288:308,12,314
289:290,13
290:289,270,291,199
291:290,292,163
292:64,291,272,312,347
293:83,66,132,313,44
294:295,343,394
295:294,315,365
296:9,112,297,384
297:296,57,317,167
298:278,299,8
299:0,341,152,298,319,332
300:301,118,319
301:300,281,321,150
302:142,322,321,164,217,257
303:280,323,77,74,177
304:284,305,123,329
305:304,306,54,315
306:305,325,286,326,20,359
307:261,287,327,228
308:288,328,46
309:5,286,329,44
310:330,249
311:4,312,276
312:204,311,292,313,131,238
313:220,165,169,312,33,293,333,41
314:25,315,288
315:208,314,295,335,305
316:160,368,10,334,336,184
317:297,337,146,59
318:338,160
319:70,299,300,260
320:340,73,321,157
321:301,341,320,302
322:302,342,367
323:183,303,343,58
324:325,227
325:324,345,306,47
326:1,306,346,187,348
327:307,328,395,99
328:327,308,348,123,275
329:309,330,304
330:329,310,331,101
331:141,366,330,211,332,227,259
332:331,172,333,25,299
333:71,332,313,353,283
334:354,316
335:315,355,35
336:316,337,152
337:266,336,317,357,54
338:318,358,136
339:185,359,397
340:320,360,268,347,188
341:321,361,299,342
342:322,362,341,270,278
343:323,344,82,125,294
344:343,345,69
345:3,344,325,346,120,54,354,77
346:345,326,347,386
347:163,346,348,340,29,292
348:101,347,328,349,326
349:348,350,269,35
350:349,351,268,396
351:180,203,67,350,371,214,372
352:385,372,92
353:370,333,373,33
354:334,355,345
355:354,335,375,397
356:376,211,139
357:337,358,72
358:255,357,338,359,264
359:358,339,379,306
360:340,380,164
361:341,381,73,263,30,34,155
362:342,363,283,248
363:362,364,184,197
364:363,384,57,16
365:366,81,295,19
366:365,367,331
367:322,366,387,238
368:388,316,69
369:370,70
370:369,390,353
371:80,351,372,87
372:371,352,392,351,214,375
373:353,374,160
374:202,373,375,211
375:374,355,395,372
376:356,396,287
377:140,378,181
378:90,377,379,230
379:27,378,359,399,166
380:360,381,15,144
381:380,361,382,129
382:381,383,257
383:382,3,279,86,392
384:364,385,248,296
385:384,386,352,48,138
386:22,184,385,346,387,39,274
387:386,367,7,108,239
388:368,389,268
389:388,49,390,175
390:389,370,391,18
391:285,390,11,270
392:372,12,383,194
393:394,103,154
394:268,393,14,294
395:327,133,375,15,97
396:376,397,350
397:355,396,398,180,339
398:246,397,18,285
399:32,379,19,212
