0:1,387,380,19,59
1:0,21,26,239
2:3,373,382,143,110
3:2,23,105,383
4:5,158,384,108,369,258
5:4,25,59,92
6:26,268
7:8,270,387
8:7,9,207,388,211
9:8,29,32,389,173
10:11,260,390
11:10,31,304,275
12:32,362,392
13:26,33,300
14:34,144,354,394
15:24,69,16,323,95
16:347,15,17,132,396
17:16,37,100
18:113,19,293
19:124,18,0,188,399
20:21,377,39
21:20,1,41,121,252,398
22:23,35,170,37
23:281,22,3,24,130
24:23,44,15
25:361,5,45,280
26:1,6,46,13
27:28,384
28:302,27,29,306
29:28,9,49,186,389
30:50,367
31:11,32,90
32:61,9,31,12,33,263,272
33:228,32,13,34,163
34:282,33,14,35,205
35:100,22,34,55,246
36:56,50
37:313,17,57,22,117
38:80,175,58,378
39:301,244,20,310
40:60,181
41:21,42,277
42:160,41,62,296,125
43:44,81,137
44:43,24,64,211
45:25,46,180,216
46:343,45,26,47,396
47:342,46,67,228
48:68,232,154,116
49:29,69,279,191
50:167,30,70,224,36
51:71,100
52:53,297
53:52,73,98
54:360,74,153
55:112,35,56,167
56:55,36,57,136
57:132,56,37,58,201
58:57,38,59,236
59:5,58,79,0
60:40,61,97,285,79
61:60,81,32
62:121,42,82,228
63:83,106
64:182,44,84,148,148,209,395
65:85,148
66:67,142,89
67:66,47,68,376
68:67,48,88,234
69:49,89,15
70:264,50,71,132
71:70,51,91,214
72:73,390,332
73:324,331,72,53,93,118
74:54,94,187
75:95,314,155
76:122,142,370,77,380
77:76,78,380
78:77,79,213
79:78,59,60,231
80:81,38,381,91
81:80,61,82,313,43,197
82:81,62,102,166
83:63,84,382
84:83,64,104,352
85:240,65,105,399
86:87,257,207,135
87:86,88,156
88:87,68,89,376,218,159
89:286,88,69,90,66
90:89,110,117,31
91:71,92,80,359
92:91,112,5
93:181,73,94,261
94:93,74,114,214
95:150,75,115,15
96:97,313
97:60,96,117,317
98:53,99,138,119
99:262,98,119,269
100:101,35,51,17
101:100,102,211,127
102:101,82,122,349,168,349,296
103:104,263
104:103,84,124,308,366
105:362,3,85,106,109,353
106:63,105,126,155,217
107:108,313
108:107,109,4,270
109:105,108,110,284,290
110:204,109,90,130,2
111:112,217
112:111,92,132,55
113:114,18
114:113,94,134,165
115:95,116,155
116:172,115,117,48
117:90,116,97,137,37
118:161,73,196,119,234
119:307,397,118,99,139,98
120:121,259,131
121:120,21,141,62,256,157
122:102,123,76
123:122,124,217,227
124:123,104,144,19,248
125:145,42,230,319
126:106,127,142
127:126,128,101,330
128:127,148,244
129:130,274
130:23,129,110,131,171
131:130,132,120
132:283,70,131,112,152,57,16
133:305,134,396,136
134:133,114,154,181
135:136,86
136:135,56,156,133,277
137:117,138,43
138:365,137,98,158,273
139:119,159,371
140:141,246,337,159
141:140,121,161,230
142:162,76,66,126
143:163,2
144:124,164,193,14
145:125,146,246,394
146:145,147,175
147:146,148,396,271,255
148:64,65,147,128,168,64
149:150,351
150:261,243,149,170,95
151:152,313
152:220,151,132,172,342
153:173,324,54
154:134,174,48,379
155:106,115,175,75,315
156:87,136,176,215
157:253,177,121
158:4,138,159,390
159:158,139,140,88
160:161,42
161:160,141,181,118,284,288,336
162:142,163,181,312
163:162,143,183,305,33,237
164:144,184,260,195
165:185,219,114,235
166:82,186,212
167:168,50,55
168:167,148,188,102
169:189,197,257
170:150,190,22,279
171:221,130,191,354,357
172:152,192,116
173:153,193,9,219
174:201,154,175,222
175:146,174,155,176,38
176:175,156,196,323
177:385,375,157,197,394,178,278
178:314,179,177
179:322,269,178,199,274
180:181,329,45,199
181:40,180,161,182,93,162,387,311,134
182:181,183,64,339
183:182,163,184,286
184:183,164,204,232,246
185:165,205,191,298
186:166,206,229,29
187:207,240,74
188:168,189,328,19
189:188,169,190,197
190:189,170,210,196,212
191:185,171,211,49,198
192:172,212,315
193:144,173,194,325
194:206,371,193,214,256
195:351,196,164,335
196:190,195,176,197,118
197:169,189,196,177,217,81
198:199,191
199:198,179,180,398
200:220,245
201:202,174,392,57
202:201,203,300
203:202,223,228
204:184,205,110,346
205:204,185,206,276,34
206:205,186,207,194,295
207:206,187,208,86,8
208:207,228,223
209:210,64
210:209,190,230,252
211:101,44,287,191,231,8,299
212:166,348,192,213,190
213:212,214,278,78
214:71,213,94,194,234,364
215:216,383,156
216:215,217,45
217:123,111,373,216,197,218,106
218:217,238,88
219:165,355,358,239,173
220:200,221,152
221:220,241,171
222:223,346,345,174,259
223:222,203,224,373,208
224:223,225,274,50
225:224,226,343
226:225,246,364,378
227:228,123,352
228:62,203,47,227,208,248,33
229:186,249,332
230:141,210,250,125
231:211,232,373,79
232:184,48,231,233,361
233:383,232,234,383,238
234:68,233,214,254,288,118
235:255,165
236:237,300,58
237:341,236,257,163
238:218,258,233
239:219,259,1
240:260,85,187,259
241:221,242,289,294
242:241,262,331
243:263,150
244:245,39,128
245:200,244,246,309
246:140,145,245,226,247,184,292,35
247:246,248,251
248:247,228,249,124
249:248,229,250,312
250:249,230,270,353,291
251:247,271,329
252:320,210,272,21,333
253:254,157
254:309,310,253,234,255,361
255:254,235,275,147
256:289,194,257,121
257:86,256,237,258,169
258:257,238,259,4
259:120,258,239,240,222
260:240,280,317,280,164,10
261:262,150,327,93
262:261,242,263,99
263:262,103,243,283,266,32,316
264:265,70
265:264,285,386
266:263,267,394
267:266,287,367
268:6,288,321
269:386,289,179,99
270:7,250,290,108
271:251,272,147
272:271,252,273,32
273:272,274,383,138
274:224,129,273,294,397,179
275:255,276,11
276:205,275,296,328
277:41,297,136,297
278:213,298,177
279:49,299,170
280:260,300,260,25
281:282,23
282:281,283,34
283:282,263,284,132
284:283,285,161,109,329
285:284,265,286,60,306
286:183,285,287,89
287:286,267,307,211,317
288:268,308,161,234
289:241,269,290,256
290:289,270,310,109
291:292,250
292:291,293,246
293:390,292,294,295,18
294:293,274,295,241,376
295:325,293,294,296,206
296:42,295,276,297,102
297:52,296,277,298,277
298:297,278,318,185
299:279,319,211
300:280,301,338,202,13,236,319
301:300,321,39
302:322,28,303
303:323,302,326,377
304:324,380,368,11
305:163,325,133
306:307,285,28
307:306,287,308,119
308:104,307,288,309,362
309:245,308,310,254,350
310:309,290,330,254,39
311:331,181,396
312:249,332,162
313:81,107,367,151,333,37,96
314:334,178,75
315:192,335,155
316:336,263
317:260,97,337,287
318:298,338,365
319:299,300,125
320:321,252,339
321:320,301,341,378,268
322:302,323,179
323:322,303,343,355,15,176
324:304,325,73,384,153
325:380,324,305,326,295,193
326:325,327,303
327:326,328,261
328:327,188,329,353,276
329:180,328,388,330,284,251,393,334
330:329,310,350,127
331:242,311,351,73,356
332:229,312,352,72
333:313,353,252
334:314,354,329
335:315,355,195
336:316,337,161
337:336,317,357,140
338:300,372,318,339,366
339:338,320,182
340:360,373
341:321,361,237
342:362,47,152
343:323,344,46,225
344:343,364,380,374
345:365,222
346:222,347,204
347:346,367,16
348:368,212
349:102,350,102
350:349,330,351,309
351:149,350,331,371,195
352:84,332,372,227
353:328,250,333,354,105
354:171,353,334,355,14
355:323,354,335,375,219
356:376,331
357:382,337,377,171
358:378,219
359:379,91
360:340,380,54
361:341,362,25,232,254
362:361,342,382,105,308,12
363:383,386
364:344,365,381,226,214
365:364,345,385,138,318
366:386,104,338
367:267,347,368,313,30
368:367,348,369,304
369:368,389,4
370:371,76
371:370,351,372,194,139
372:371,352,392,338
373:340,2,223,231,393,217
374:391,375,344
375:374,355,395,177
376:67,88,356,377,294,399
377:20,376,357,378,303
378:321,377,38,358,398,226
379:359,399,154
380:360,0,325,304,344,76,77
381:382,80,364
382:381,362,2,357,83
383:363,3,233,233,273,215
384:4,324,27
385:365,386,177
386:363,265,385,366,387,269
387:0,386,7,181
388:8,329
389:369,9,29
390:10,293,72,158
391:392,374
392:391,372,12,201
393:373,394,329
394:266,393,14,145,177
395:375,396,64
396:46,147,133,395,16,311
397:274,398,119
398:397,378,399,21,199
399:85,398,379,19,376
