0:1,67,292
1:0,2,113
2:1,22,355,70,298
3:23,168,383,239
4:242,24,243,84,384,245
5:6,199,385
6:5,7,396,386
7:6,27,26,387
8:9,154
9:8,10,314,389
10:9,30,162
11:31,73,391
12:32,170,52,353
13:32,33,28,393,274
14:34,79,394
15:87,16,172,395
16:15,36,105
17:22,153,114,37,290,157,99
18:220,38,352,398
19:39,53
20:21,342
21:20,22,135,131
22:21,2,42,17
23:3,24,70,28
24:23,4,25,184,251
25:24,26,269
26:25,65,46,219,7
27:262,7,28,219,135
28:27,29,23,29,13
29:28,49,28,178
30:308,10,50,301,370
31:320,11,51,343
32:12,52,13
33:13,53,171
34:325,128,272,14,35,88
35:64,149,34,36,245
36:294,35,16,37,139
37:326,36,17,38,49
38:264,268,37,18,58,179
39:19,59,379
40:60,121
41:61,174,267
42:22,43,67,53,399
43:42,63,316
44:64,352,324
45:322,343,46,232
46:45,26,66,113,299
47:48,359
48:47,68,330,215
49:388,29,50,63,37
50:49,30,51,185
51:185,50,31,71,62
52:249,32,72,12
53:263,112,33,73,42,19
54:345,74,361
55:75,99
56:76,143
57:77,314
58:38,78,191
59:188,92,39,79,111
60:40,80,203
61:41,62,124,306,252,199
62:61,82,332,51
63:43,64,393,49
64:63,44,84,35,86
65:85,26
66:46,86,164
67:0,42,68,374,392
68:67,48,88,87
69:89,148
70:241,23,71,2
71:70,51,72,192,93
72:71,52,73,103
73:367,11,72,53,74,399,133
74:73,54,94,101
75:55,76,389
76:389,75,56,96,113
77:57,97,103
78:58,79,223
79:361,123,14,115,78,59,99,250
80:60,81,152
81:80,380,82,297
82:81,62,102,170
83:141,84,292,386
84:83,64,104,4,390,331
85:65,105,280
86:66,106,64
87:88,15,68
88:87,68,108,313,170,34
89:69,90,347
90:127,89,110,377,256
91:92,393,155
92:91,112,59,397
93:113,71
94:74,114,398
95:221,96,252
96:391,95,76,97,264
97:96,376,77,117,226
98:99,148
99:224,150,55,98,79,119,17
100:101,155,164,289,119
101:100,121,253,205,387,74
102:82,103,347,366
103:102,104,289,72,77
104:103,84,124,187,269
105:85,106,392,16
106:105,86,107,280
107:106,108,175
108:107,88,109,161
109:108,110,186
110:340,109,90,111,313
111:110,112,124,59
112:111,92,132,53
113:1,344,46,93,133,356,76
114:94,134,17,214
115:135,79
116:136,379,198
117:161,202,355,97,137,218
118:119,350
119:285,118,99,100,129
120:140,194,139
121:40,101,122,304,234
122:121,142,170
123:143,79
124:61,104,144,304,385,111
125:126,257
126:125,146,279
127:128,90
128:127,148,34
129:384,130,204,119
130:129,131,257,273
131:130,132,21
132:131,112,133,276
133:132,113,134,73,356
134:133,114,154,359
135:21,115,136,27
136:135,116,137,139
137:305,275,136,117,157,265,279
138:181,158,352
139:363,36,136,120,261
140:120,160,258
141:142,83
142:141,122,162,302
143:123,163,331,293,56
144:280,124,145,148
145:144,165,213
146:126,166,204
147:167,184,228
148:144,287,128,168,236,69,98,158
149:169,35
150:151,99
151:150,171,288
152:80,172,392
153:154,17
154:8,153,134,155,238
155:100,154,175,91
156:180,157,396
157:284,156,137,177,17
158:138,159,148
159:332,158,179,393
160:140,161,284,179
161:160,162,117,244,108
162:161,142,163,220,10
163:162,143,164,356,179
164:163,165,100,66
165:164,145,185,244
166:360,146,186,318
167:282,147,187,207
168:182,3,303,148,188,325,313
169:149,189,256
170:82,122,302,190,88,12
171:151,191,340,33
172:152,173,257,15,317
173:172,193,266
174:41,175,228
175:107,174,155,195,348
176:291,196,250,218
177:189,157,178,289
178:201,177,198,29
179:38,159,160,163
180:200,156
181:182,138
182:181,183,168
183:182,203,220,229,379
184:24,185,237,147
185:184,165,186,51,50
186:200,185,166,187,233,109,330
187:104,186,167,207,284
188:168,189,59
189:188,169,209,177
190:170,210,240,372
191:171,211,342,58
192:71,193,360
193:250,192,173,194,391
194:120,204,209,193,195,349
195:194,175,196,256
196:328,195,176,197,221
197:223,196,198,222
198:197,178,199,116
199:5,198,219,61
200:180,220,186
201:221,178,339
202:222,117,333
203:60,183,223,235
204:224,194,146,129
205:206,101,257
206:205,226,389,278,319
207:167,187,208,306
208:207,209,352
209:208,189,210,194
210:209,190,211,211
211:210,210,191,212,350
212:211,232,275
213:145,214,269
214:213,234,114,315
215:216,48
216:215,217,305
217:216,237,295
218:266,230,117,219,176
219:26,27,218,199,239,259
220:200,240,18,162,183,364,311,337
221:201,222,95,196
222:221,202,223,245,197
223:222,203,243,197,78
224:204,244,99
225:226,291
226:225,206,227,319,97
227:226,228,273
228:227,248,147,174
229:327,230,183
230:341,229,231,218
231:247,230,232,242
232:45,231,212,252,383,312
233:186,350,234,267
234:233,214,235,121
235:203,234,255,262
236:148,237,378
237:184,236,316,217,238,247
238:347,154,237,239,248
239:238,219,259,3
240:220,260,374,190,259
241:242,70
242:241,243,4,231
243:242,223,244,380,4
244:243,224,264,161,165
245:222,246,4,348,35
246:245,266,313
247:362,248,231,237
248:247,228,249,262,238
249:248,250,52
250:346,249,251,193,176,79
251:250,271,24,393
252:232,253,61,95,358
253:101,252,273,363
254:255,328
255:369,254,235,256,373
256:169,195,255,295,257,90
257:125,130,172,256,277,205
258:140,278,331
259:219,239,240,348
260:240,261,268,323,279
261:260,281,312,139
262:263,27,248,235
263:262,264,53
264:263,244,284,38,304,96
265:285,288,368,137
266:246,286,218,173,359
267:287,41,233
268:260,288,38
269:342,25,289,104,213
270:271,394
271:329,270,251,272,320
272:309,271,273,34
273:227,288,272,253,293,130
274:275,13
275:212,274,295,137
276:132,296,375
277:286,257,297,370
278:357,258,279,206
279:126,278,260,137
280:300,144,85,106,354
281:261,282,382
282:281,302,167
283:303,320
284:160,264,285,157,187
285:284,265,286,119
286:301,285,266,287,277,351
287:321,286,267,288,148
288:265,287,268,308,273,151,394,396,377
289:103,269,309,100,177
290:291,371,17
291:225,290,311,176
292:83,293,0,375
293:292,273,294,143
294:293,295,36
295:294,275,315,256,217
296:276,316,351
297:81,277,317,373
298:310,299,2
299:298,319,46
300:280,301,395,319
301:300,302,286,30
302:301,142,282,303,170
303:302,283,323,168
304:121,124,324,264
305:306,137,216
306:305,307,61,207
307:306,327,359,373
308:288,309,30
309:308,289,329,272
310:383,330,298
311:291,331,220,398
312:261,332,232
313:246,88,110,333,168
314:9,315,322,57
315:314,295,335,214
316:43,296,336,237
317:381,334,297,337,172
318:166,349,338,319
319:226,318,299,300,206
320:321,31,283,271,339
321:320,341,287
322:323,45,382,314
323:322,303,343,260
324:304,344,44,374,378
325:345,34,168
326:346,37
327:307,347,229
328:329,196,254
329:328,309,330,271
330:48,329,310,350,186,335
331:143,311,332,84,258
332:62,331,312,333,159
333:332,313,334,202
334:333,335,317
335:334,315,355,330
336:316,356,381
337:317,338,220
338:337,318,358,343
339:395,320,201
340:341,110,171,359
341:340,321,342,230
342:20,341,362,269,191
343:323,363,45,31,338
344:324,345,113
345:344,325,346,54
346:345,326,366,250
347:102,327,367,238,89
348:349,245,175,259
349:348,369,318,194
350:330,351,233,211,118
351:350,371,286,296
352:44,208,372,360,18,138
353:354,12
354:353,355,280
355:2,354,335,356,117
356:163,113,355,336,357,133
357:356,358,278
358:357,338,378,252
359:47,307,134,340,266
360:361,166,192,352
361:360,362,79,365,54
362:361,342,382,247
363:343,383,139,253
364:384,220
365:366,361
366:365,346,367,102
367:366,347,387,73
368:388,265
369:349,389,255
370:390,30,277
371:290,351,372,396
372:371,352,373,190
373:372,393,307,255,297
374:240,67,375,324
375:374,395,292,276
376:396,97
377:90,378,288
378:236,377,358,379,324
379:116,378,39,399,183
380:381,81,243,399
381:380,382,317,336
382:281,381,362,383,322
383:382,363,3,310,232
384:364,4,129
385:5,124
386:6,83
387:367,7,101
388:368,389,49
389:206,388,369,9,76,75
390:370,391,84
391:390,11,96,193
392:105,152,393,67
393:63,91,392,373,13,251,159
394:270,14,288
395:300,375,15,339
396:6,371,156,376,397,288
397:396,398,92
398:94,397,18,311
399:73,379,380,42
