0:20,69,19
1:2,61
2:1,22,192
3:23,64,383,265,119
4:24,260,384
5:25,34
6:26,83,386
7:380,27,331
8:9,262,388
9:227,8,10,372,176
10:9,30,310
11:31,386,298
12:169,32,333
13:40,33,197,393
14:271,15,46
15:384,14,35,108
16:87,272,353,36,248,396
17:18,329,397
18:216,17,19,108
19:157,18,0,220
20:0,21,206,39
21:20,41,201
22:2,23,111
23:22,3,24,171
24:23,4,25,155
25:24,5,45,318,328
26:6,27,262,346,27
27:241,105,26,7,28,26
28:27,48,309
29:120,49,259,214
30:10,31,257
31:30,11,32,247
32:31,12,52,151,335
33:13,53,317
34:5,35,205,357
35:193,34,15,36,375
36:268,35,16,56,134
37:194,155,57,123
38:263,50,58,310
39:20,77
40:60,13,224,150,59
41:21,42,347,291,294,78
42:41,43,127
43:42,44,209,314,377,158
44:43,64,107
45:25,46,283
46:45,47,189,290,14,215
47:46,67,61
48:28,68,51
49:29,69,208,209,394
50:121,51,38
51:48,50,71,141
52:32,72,92
53:33,73,286
54:74,157
55:167,56,282
56:55,36,57,178
57:73,56,37,77,155
58:282,38,59,164,339
59:171,58,40,392
60:40,61,353,79
61:60,1,62,367,47
62:61,63,375
63:62,64,387
64:3,63,44,65,93
65:240,64,85,338,66,367
66:86,65
67:304,47,68,116
68:67,48,69,93
69:0,342,68,49,89,307
70:71,139
71:70,51,91,166
72:302,52,73,302
73:362,165,72,53,93,57,156
74:252,54,75,212
75:140,206,74,95,232
76:126,371,96,105
77:57,97,369,39
78:98,41,319
79:153,60,320
80:81,306
81:80,101,370,102
82:83,272,204,113
83:82,103,104,6,399
84:104,267,147,88,94
85:65,86,169
86:85,66,87,339,368
87:221,86,88,16
88:87,89,84
89:88,69,109,168
90:225,91,237
91:90,71,111,380,175
92:161,52,112,188
93:64,68,73,113,348
94:112,114,84
95:75,115,312
96:131,76,116,309
97:77,117,273
98:343,78,99,318
99:203,369,98,119,167
100:120,204,195,119
101:81,121,337
102:103,81,396
103:102,83,104,146,184,349
104:83,103,84,105,221,134
105:104,125,27,76
106:107,125,208
107:44,106,108,371
108:107,247,109,127,15,18
109:108,89,110,359
110:148,109,130,329,370
111:22,91,112,112
112:111,111,191,92,132,94
113:93,133,82
114:94,115,340
115:285,114,95,135,371
116:67,96,117,189
117:292,116,97,137,311
118:138,209
119:390,99,100,3
120:100,121,29,136,139
121:120,101,141,50,170
122:123,241
123:360,122,124,283,37
124:123,144,311
125:105,145,185,106
126:242,127,76
127:42,126,128,139,108
128:127,148,194,332
129:149,299
130:322,110,131,390
131:164,284,130,151,96,352
132:344,112,133,224,378
133:223,132,312,113,134,149
134:133,273,154,104,36
135:115,136,288
136:135,156,120
137:310,117,157,186
138:118,158,232
139:266,127,70,120,236
140:141,75,280,152
141:140,121,142,228,51,232,177
142:141,162,322,336
143:163,297,306
144:124,145,284
145:144,125,165,227,392
146:103,147,308,218
147:146,167,84
148:325,128,168,110
149:129,169,210,133,373
150:170,40
151:131,152,162,32
152:151,172,140
153:388,154,79
154:188,192,153,134,174,249
155:24,308,175,37,57
156:136,176,73
157:213,313,54,137,158,19
158:222,287,233,157,138,178,43
159:179,387
160:161,372,258,179
161:160,162,92
162:161,142,182,198,151
163:143,164,395
164:163,184,131,185,58
165:145,166,73
166:165,186,211,71
167:147,168,55,211,99
168:167,148,188,359,89
169:85,245,187,149,170,12
170:169,150,190,121
171:23,191,59
172:152,173,297
173:172,174,213
174:173,154,175,217
175:281,183,174,155,176,91
176:220,175,156,177,9
177:260,176,197,141,219
178:365,56,158,198,249
179:296,159,160,299
180:181,293,199
181:180,201,399
182:162,202,231
183:184,175
184:183,164,185,103,226,351,295
185:184,125,186,164
186:185,166,187,397,137
187:363,186,207,169,329
188:168,189,154,92
189:200,46,188,209,281,116
190:202,303,170,210,311
191:171,211,112,238,338
192:2,212,154
193:320,213,35
194:128,214,37,317
195:215,100
196:197,318
197:261,207,13,196,177,198,250
198:162,197,178,199,330
199:327,198,180,393
200:220,189,219
201:21,181,221,246,264,386
202:182,203,190
203:202,204,99,315
204:100,203,224,82
205:225,252,34,257
206:20,207,75
207:262,206,187,208,197,358
208:207,209,106,49
209:43,208,189,210,49,118
210:364,149,209,190,211,385
211:166,210,191,212,167
212:211,192,232,218,74
213:173,193,214,157
214:213,194,215,29
215:214,195,216,46
216:215,236,18
217:340,174,218,290
218:289,212,217,238,146
219:300,200,177
220:200,221,176,19
221:220,201,222,87,104
222:221,223,158,237
223:222,224,133
224:223,204,244,40,132
225:205,226,90
226:323,225,227,184,355
227:145,226,247,9
228:141,248,282
229:230,299
230:229,231,375,293
231:182,230,251,243
232:212,233,141,75,138
233:244,232,253,158
234:254,328
235:385,389,255,296
236:216,256,293,139
237:90,238,222
238:237,218,258,191
239:259,348
240:260,65
241:242,27,122
242:241,262,126
243:244,252,305,231
244:243,224,245,233
245:244,265,169,326
246:201,266,360
247:227,267,108,31
248:228,249,395,16,297
249:248,269,382,154,178
250:270,364,197
251:231,252,274
252:243,205,251,311,272,74,393
253:233,254,264
254:324,253,234,274,360
255:235,256,353
256:255,236,257,292
257:30,256,277,205
258:238,259,160
259:29,258,239,279,365
260:240,280,177,4,279
261:281,197,397
262:242,282,207,26,8
263:283,38,267,374,275
264:265,201,253
265:341,264,245,266,3,376
266:265,246,267,139
267:84,266,247,287,263
268:269,36,274
269:268,249,270,331
270:269,250,290,319
271:272,14
272:82,271,252,292,16
273:274,134,395,97
274:251,273,254,294,268
275:295,263
276:277,343
277:366,276,257,297,293
278:347,298,341
279:316,259,260,325
280:260,300,140,299
281:261,282,175,189
282:281,262,283,58,228,55
283:282,123,263,303,291,45,309
284:144,285,131
285:383,284,286,115
286:285,306,326,307,53,299
287:267,288,158
288:287,308,316,331,135
289:290,218
290:289,270,310,46,217
291:283,311,41
292:272,293,117,334,256
293:180,292,294,230,236,277
294:293,274,314,41
295:275,315,184
296:235,297,179,379
297:143,172,296,277,317,248
298:278,318,11
299:129,229,337,398,179,280,286
300:280,301,219,319
301:300,302,394
302:301,322,72,72
303:283,323,190
304:305,67
305:304,325,243
306:80,286,326,143
307:327,286,69
308:146,288,328,155
309:28,329,283,96
310:10,290,330,137,38
311:124,190,291,331,252,375,117
312:332,133,95
313:333,157
314:294,334,43
315:295,335,203
316:288,336,279
317:33,297,337,194
318:25,196,98,298,338,359
319:270,300,78
320:340,193,79,339
321:341,336
322:142,302,342,130
323:303,343,226
324:325,254
325:324,305,345,148,279,359
326:286,306,327,245
327:326,307,328,199,333
328:327,308,329,25,234
329:328,309,330,187,110,17
330:329,310,350,386,198
331:7,269,311,351,288
332:312,333,128
333:12,332,313,353,327
334:314,354,292
335:315,355,32
336:321,316,337,142
337:101,336,317,338,299
338:381,65,337,318,339,191
339:86,338,320,58
340:320,360,217,114
341:321,361,265,278
342:322,343,69
343:342,323,344,98,276
344:343,364,132
345:325,365,372,391
346:347,26
347:41,346,348,278
348:347,368,390,93,239
349:369,103
350:330,370,397
351:331,352,184
352:351,372,131
353:60,333,373,16,255
354:334,355,397
355:354,335,375,226
356:357,367
357:356,358,34
358:357,378,207
359:168,109,318,379,325
360:340,361,123,246,254,379
361:360,341,381,377
362:363,73
363:362,383,187
364:344,365,210,250
365:364,345,366,178,259
366:365,367,277
367:61,382,366,387,65,356
368:348,369,86
369:368,349,389,99,77
370:81,350,371,110
371:107,370,391,76,115
372:160,345,9,352,392,375
373:387,353,374,149
374:373,394,263
375:62,230,372,35,355,395,311
376:396,265
377:361,378,43
378:377,358,398,132
379:359,360,296
380:381,7,91,399
381:380,361,382,338
382:381,383,367,249
383:382,363,3,285
384:4,15
385:386,235,210
386:385,6,201,330,11
387:63,367,388,373,159
388:387,8,153
389:369,390,235
390:348,389,130,391,119
391:390,371,392,345
392:391,372,393,145,59
393:392,13,252,199
394:301,374,395,49
395:163,248,394,375,396,273
396:395,376,16,102
397:186,350,354,17,261
398:378,399,299
399:181,398,380,83
