0:1,389,187
1:0,2,199,298,59
2:1,3,395
3:2,382,4,365,383
4:3,24,332,159
5:6,251,199
6:5,7,252
7:6,46,27,292,110,92,114
8:9,315
9:25,8,108,10,347
10:9,30,366
11:106,350,12,322,391,296
12:11,13,22
13:12,33,108
14:34,305,394
15:123,16,228,395
16:21,15,17,222
17:16,136,18,69
18:47,171,17,19,361,398
19:18,39,328
20:40,322,384,68
21:41,16
22:23,328,12,118
23:22,43,386,304
24:4,44,324,312
25:340,45,9
26:46,109,35
27:7,47,332
28:48,312
29:360,43,30,193,391
30:88,29,10,31,236
31:30,32,47,338
32:31,52,208
33:65,13,53,219
34:122,14,54,310
35:113,36,26
36:35,37,147,257
37:134,36,38,148
38:330,37,58,191,278
39:19,59,188
40:20,41,107,334,59
41:40,21,42,59,127
42:41,62,80,86
43:23,44,29,166,216
44:380,43,24,45,390
45:44,25,46,114,149
46:45,26,66,7
47:27,48,18,229,31
48:47,28,68,126,209,71,313
49:69,185,239
50:51,133
51:50,230,52,274
52:51,32,72,54
53:224,311,33,73,230,353,277
54:104,164,52,34,55,392
55:54,56,56
56:55,55,76,127
57:342,204,70,354,58,326,77
58:57,38,59,253
59:41,58,39,40,1
60:61,79,100,280,79
61:60,81,296
62:42,82,110
63:83,371,207
64:65,365
65:64,66,33,235
66:65,46,67,314
67:363,66,68,369,89
68:67,48,88,20,377
69:49,89,241,17
70:90,57
71:72,48
72:71,52,73,169,152
73:388,72,53,74,235
74:73,75,77
75:74,76,334
76:287,75,56,96,264
77:74,78,57
78:77,79,282
79:60,78,60,333
80:100,191,42
81:61,101,135
82:62,102,325,90
83:63,103,368,188
84:322,85,258,246,178
85:84,86,390,286,148,234
86:85,87,42
87:243,86,88,316
88:87,68,89,30
89:88,69,90,67
90:89,70,91,82
91:90,92,207,333
92:150,91,112,7,157
93:349,94,130
94:93,95,240
95:94,96,353
96:95,76,97,139
97:165,96,117,153
98:118,124
99:146,308,119,115
100:80,101,60,198
101:100,81,102,328
102:101,82,122,227,305
103:83,104,380,156
104:103,124,54
105:106,339,175
106:105,107,11
107:40,106,108,292,208
108:107,109,9,13
109:26,108,110,229
110:62,109,111,7
111:110,112,125
112:300,111,92,132,331,173,379
113:114,35,155
114:45,113,115,7
115:114,116,118,99
116:115,136,234
117:97,118,329
118:223,245,115,117,98,138,22
119:129,99,139,395
120:121,229,139
121:120,141,398,125,376
122:102,142,34
123:124,15
124:123,104,125,305,356,98
125:124,145,121,310,111,371
126:146,346,48
127:128,41,56
128:127,148,298,378
129:203,267,228,130,119
130:129,131,170,93
131:130,132,383
132:131,112,152,244
133:50,134,187
134:281,133,154,37
135:81,155,375
136:116,156,17
137:138,396
138:137,118,139,206
139:161,96,138,119,120,259
140:160,269
141:121,142,245
142:141,122,162,213,292
143:222,144,332,185
144:143,145,328
145:144,125,165,313
146:383,126,166,99
147:266,167,218,36
148:241,128,149,85,37
149:148,150,45
150:149,151,92
151:150,152,337
152:151,132,172,72
153:154,340,97
154:381,153,134,155,345
155:186,154,135,175,113,197
156:262,136,157,103
157:205,156,158,92
158:274,157,159,377
159:268,158,179,4,219
160:140,180,260,301,362
161:162,139,273
162:161,142,163,223,215,217
163:162,183,257,314,237
164:165,54
165:164,145,185,97
166:146,186,43,352
167:147,187,381
168:265,169,194
169:168,170,183,72
170:169,130,190,172
171:191,18
172:170,152,173,380,357
173:172,193,112
174:175,354
175:174,155,195,105
176:285,325,196,312
177:178,282
178:361,315,177,179,84
179:178,159,199,277,399
180:160,181,260,264,255,199
181:180,200,201,229,231
182:183,202
183:182,163,184,333,366,169,249
184:183,204,202
185:165,186,143,49
186:185,166,187,155,272,254
187:186,206,167,188,0,390,133
188:187,208,83,39
189:190,392
190:201,189,170,210,313,256
191:80,171,192,349,38
192:191,193,243
193:29,192,173,213,230
194:168,214,307
195:175,215,329
196:176,197,254
197:196,217,155
198:199,100
199:1,198,179,180,5
200:201,181,302,317,238
201:200,181,221,190
202:182,222,378,184
203:204,129,386,214
204:203,184,205,57,331
205:204,225,157
206:207,187,138
207:206,227,63,91
208:188,228,107,32
209:229,48
210:190,211,291
211:210,212,315
212:211,213,367
213:142,212,193,214,282
214:213,194,215,203
215:214,195,216,162,316,297
216:215,217,43
217:216,197,218,162
218:147,217,219,351
219:306,33,218,239,159
220:221,229,239
221:220,201,222,390,263
222:221,341,202,223,143,16
223:162,222,243,118,368
224:225,53
225:224,205,245,390,369,339
226:227,358,318
227:102,226,207,247,276,358
228:208,248,129,351,15
229:120,220,181,109,209,230,47
230:229,231,51,53,193,293
231:344,230,232,181
232:324,370,231,252,268
233:234,340
234:233,254,85,116,299
235:73,236,65
236:30,235,256,362,397
237:309,257,163
238:258,200,258
239:219,220,49
240:241,330,94,259
241:240,242,148,69
242:241,243,373
243:242,223,244,87,192
244:243,245,359,132
245:141,244,225,246,118,387,374
246:245,247,84
247:246,227,267,341
248:228,268,271
249:269,183
250:346,251,265,275
251:5,250,271,366
252:6,232,253,325
253:252,273,332,58
254:234,255,186,196
255:254,256,180
256:255,236,257,190
257:163,256,237,258,36
258:283,84,257,238,278,238
259:139,240,396
260:160,180,280,261,332,295,279
261:260,281,394
262:282,156,364
263:264,221
264:263,284,180,367,76
265:266,168,250
266:265,286,147,393
267:247,268,129
268:267,248,269,159,232
269:140,268,249,289,334
270:271,303,319
271:248,270,251,272,311,394
272:271,273,186
273:272,253,293,161
274:51,275,158
275:274,276,250
276:227,275,375,296,361
277:297,53,179
278:258,279,38
279:278,260,314
280:260,300,60
281:261,282,134
282:281,262,283,301,213,177,78
283:282,303,258
284:264,285,343
285:284,286,176
286:285,266,306,85,328
287:307,76
288:308,337
289:269,290,383
290:289,310,310
291:210,311,309
292:7,107,293,142
293:292,273,294,230
294:343,293,314,325
295:296,260
296:61,321,295,276,297,11
297:296,277,317,215,337
298:128,299,1,398
299:298,319,234
300:280,301,112
301:300,302,160,282
302:301,322,200,396
303:283,323,394,270
304:305,23
305:124,304,306,102,14
306:305,286,326,219,335
307:287,308,370,194
308:307,288,328,99
309:310,237,291
310:385,309,290,290,330,125,34
311:271,291,331,53
312:28,329,313,24,176
313:145,190,312,314,48
314:66,313,294,334,163,279
315:8,211,335,178
316:87,317,215
317:316,297,337,200
318:338,226
319:299,339,270
320:321,333
321:320,322,296
322:20,321,302,342,84,11
323:303,324,359
324:323,24,344,232,327
325:82,326,176,252,294
326:325,306,327,394,373,57
327:326,347,324,347
328:101,22,144,308,348,286,19
329:349,312,195,117
330:240,310,350,38
331:311,332,204,112
332:143,4,27,331,352,260,372,253
333:320,183,389,334,91,79
334:269,333,314,335,40,75
335:334,315,336,306
336:335,337,382
337:288,151,336,317,338,297
338:337,318,339,31
339:105,338,319,359,225
340:341,25,153,233,359
341:340,342,222,247
342:341,322,362,57
343:363,294,284
344:324,364,231
345:346,348,154
346:345,126,347,250
347:346,327,348,327,9
348:345,347,328,368,394
349:329,350,93,191
350:349,330,370,11
351:352,228,218
352:351,332,372,166,392
353:373,53,95
354:174,374,57
355:375,394
356:357,124
357:356,358,172
358:226,357,359,227
359:323,244,358,339,340,369
360:361,29
361:360,362,178,276,18
362:361,342,382,160,236
363:343,364,67
364:363,344,384,262
365:3,64,366,391
366:365,367,183,10,251
367:366,387,264,212
368:83,348,388,223
369:67,370,225,359
370:307,369,350,371,232
371:63,370,372,125
372:371,352,392,332
373:242,353,374,326
374:373,354,375,245
375:374,135,355,395,276
376:396,121
377:378,68,158
378:202,377,379,128
379:378,399,112
380:381,44,103,172,399
381:380,382,154,167
382:381,362,383,3,336
383:382,3,146,289,131
384:364,385,20
385:384,386,310
386:23,385,387,203,395
387:386,367,388,245
388:387,368,389,73
389:0,388,390,333
390:221,44,85,225,389,391,187
391:365,390,11,29
392:189,372,393,352,54
393:392,394,266
394:261,303,326,348,393,14,271,355
395:2,375,15,386,119
396:376,397,302,137,259
397:396,398,236
398:121,397,18,298
399:379,380,179
