0:20,240,380
1:21,169,295
2:22,216
3:23,51,248
4:24,188,247
5:6,94,385,234
6:81,5,7,99,386
7:63,6,8,164,208
8:7,28,208
9:29,226,389
10:30,334,335
11:341,12,164,391,214,219
12:367,370,11,13,234,255
13:12,33,352,115
14:15,187,394
15:102,270,14,35,263,395,56,177
16:17,97,396
17:89,16,18,25,377,397,318
18:353,17,19,208,398
19:18,39,313,399
20:0,40,176,300,58
21:1,41,123,313
22:2,42,175,245,256,397
23:3,24,353
24:240,23,4,25,133
25:24,26,173,17
26:25,46,145,154
27:28,162,273,375
28:321,326,27,8,48,139,374
29:9,49,289,113,274,316,97
30:10,31,307
31:30,51,58
32:263,33,126,152,158
33:43,32,13,34,113
34:33,54,331
35:15,55,112
36:147,368,37,86
37:244,36,57,213
38:58,71
39:19,59,342
40:20,60,373
41:21,42,145,117
42:41,22,62,51,242,135
43:44,33
44:43,64,84
45:46,140
46:45,26,47,177
47:46,48,385
48:264,47,127,28,49,150,396
49:224,48,29,50,212,110,253
50:267,49,70,55,237
51:42,3,31,52,392
52:51,72,63,356
53:342,167,54,219
54:204,53,34,55,283,76,399
55:50,54,35,75,225
56:57,15,217
57:172,56,37,77,296
58:285,31,38,78,20
59:324,174,39,79,234
60:40,61,309,395,79
61:60,81,165
62:42,82,322,289,78
63:64,7,52,236,257,338
64:63,44,84,156
65:66,334,347,268
66:360,65,67,246
67:66,87,150
68:69,392,358,379
69:68,89,245
70:50,90,187
71:72,245,91,38
72:305,71,52,73,275
73:72,74,293
74:73,94,274
75:55,95,397
76:96,54
77:57,78,324
78:77,58,98,62
79:170,59,60,299
80:100,123,99
81:61,82,6,122,246
82:81,62,102,128
83:84,343
84:83,44,64,104,373
85:86,150
86:85,106,360,36
87:303,67,88,277,195
88:281,87,108,318,93
89:69,109,17
90:343,70,110,116
91:111,71
92:112,312
93:206,113,88
94:5,74,95,232
95:94,75,115,271
96:143,76,97,211
97:249,16,96,98,29
98:372,97,78,118,314
99:6,80,358
100:80,120,201,229,131
101:102,133
102:101,82,103,15
103:102,104,357
104:320,103,84,124,210
105:141,106,136
106:105,86,107,384,108
107:106,108,268
108:107,88,109,106
109:301,108,89,129,241,218
110:90,130,49
111:91,112,279
112:111,92,132,214,35,197
113:33,93,114,29
114:383,113,115,278
115:364,114,95,116,13
116:90,115,117,131
117:116,137,41
118:124,98,119,387
119:118,139,167
120:100,121,373
121:120,122,351
122:121,123,81,199
123:80,21,122,143,248
124:104,125,118,311
125:124,126,171,191
126:125,146,157,32,153
127:128,48
128:82,127,148,366
129:288,109,130,268
130:163,129,110,131,363
131:142,130,151,100,116
132:112,133,387
133:101,24,132,153,267
134:200,154,309
135:155,42
136:105,212,156,198
137:117,138,313
138:156,137,158,146
139:202,28,275,119,159,260,299
140:141,274,162,45
141:140,142,105
142:141,143,131
143:142,123,163,96
144:145,251
145:41,144,146,245,26
146:145,126,166,326,138
147:148,36
148:147,128,168,301
149:150,152,292
150:85,67,48,149,170,231
151:131,171,231
152:149,172,32,193
153:133,154,126
154:312,153,134,155,26
155:327,154,135,175,239
156:64,136,157,138
157:126,156,177,202,259
158:138,159,32
159:158,139,179,382
160:180,236
161:181,368
162:182,140,27
163:143,183,130,254
164:184,287,306,7,11
165:61,185,244,209
166:146,167,179,391
167:166,187,53,210,250,119
168:148,169,271
169:1,168,170,255
170:169,150,190,79
171:125,151,172,241
172:171,152,192,57
173:25,174,187
174:173,194,59,376
175:22,155,195,183
176:20,196,338
177:46,157,197,15
178:220,188,213,198,339
179:345,166,307,272,159,199,342
180:160,200,211,199
181:161,182,273
182:181,162,183,369
183:182,163,203,285,175,315
184:164,204,382
185:165,186,293,276
186:185,206,286,389
187:167,188,205,70,173,14
188:4,187,208,178
189:209,277
190:170,210,394
191:192,125
192:191,172,193,295
193:192,194,152
194:193,174,214,325,357,339
195:340,175,215,87
196:176,216,214
197:177,217,112
198:136,178,218,289
199:179,180,122
200:180,220,134,384,328,219
201:100,202,251
202:201,222,139,284,294,157
203:183,204,384,385
204:203,184,224,54,205,332
205:282,225,204,187
206:186,226,93,291
207:208,268,216
208:207,387,8,188,228,7,18
209:189,210,165
210:104,209,369,190,211,167
211:180,210,231,377,96
212:49,232,136
213:214,178,336,37
214:112,213,194,234,11,196
215:344,266,195,235,376,296
216:2,196,217,207
217:371,216,197,237,56
218:198,219,109
219:53,218,200,11
220:200,221,178,243,393,239
221:220,241,335
222:202,223,323,283
223:222,243,253
224:204,244,49,388
225:205,226,238,55
226:225,206,246,384,9
227:247,398,235
228:208,248,391
229:230,100
230:323,229,231,299
231:150,230,151,211,232,346
232:231,212,252,285,94
233:253,352
234:386,12,214,235,5,59
235:392,234,215,255,227
236:160,256,63
237:217,238,50
238:225,237,239,392
239:155,317,238,220,284
240:0,241,24
241:240,221,242,326,109,171,351
242:280,241,243,42
243:242,223,263,220
244:224,245,37,165
245:244,145,265,22,69,71,334
246:66,226,266,81,298
247:227,267,4
248:123,228,268,3
249:304,250,97
250:249,251,167
251:201,144,250,330,271,330
252:232,253,331
253:223,252,233,273,49
254:274,163
255:169,235,275,12
256:236,257,22
257:256,277,63
258:363,259,391
259:287,258,279,157
260:280,388,390,139,279
261:281,301
262:282,367
263:243,264,32,15
264:263,284,48
265:245,266,270
266:265,246,267,215
267:266,247,268,50,133
268:107,207,267,248,288,65,129
269:289,270
270:265,269,290,15
271:168,251,272,306,95
272:309,271,273,179,293
273:181,272,253,274,27
274:140,273,74,254,275,29
275:72,274,255,276,139
276:275,296,185
277:87,189,257,278,332
278:114,277,279,316
279:111,278,259,260,356
280:260,300,242
281:261,301,88
282:262,283,205
283:282,284,222,54
284:283,264,304,202,239
285:183,305,58,232
286:186,306,396,346
287:164,307,259
288:268,308,129
289:29,269,290,62,198
290:289,270,291,381
291:290,292,206
292:322,291,312,149
293:185,73,294,272
294:293,295,202
295:192,294,315,1
296:361,276,316,215,57
297:298,380
298:297,318,246
299:230,79,319,139
300:280,301,20
301:300,261,281,321,109,148
302:322,357,337
303:304,87
304:303,284,305,249,348
305:304,285,325,72
306:286,307,164,271
307:306,287,308,179,30,354
308:307,288,309,376
309:60,308,310,272,134
310:309,311,319
311:310,312,124
312:311,92,292,332,154
313:314,21,137,19
314:313,315,362,355,98
315:314,295,335,183
316:296,317,29,278
317:316,337,239
318:88,298,319,17
319:310,318,299,339,380
320:321,104
321:320,301,341,28
322:62,302,342,292,333
323:222,343,230,329
324:344,59,77
325:305,326,384,194
326:241,325,146,327,28
327:326,328,155
328:327,348,200
329:330,323
330:329,350,251,251
331:332,388,252,34
332:331,312,333,204,277
333:332,353,322
334:65,10,354,245,359
335:221,315,336,10
336:335,337,213
337:336,317,338,302
338:176,337,358,63
339:178,319,359,194
340:360,195
341:321,361,11
342:322,343,53,39,179
343:342,83,323,363,90
344:324,345,215
345:344,365,179
346:380,347,286,231
347:346,348,65
348:347,328,349,304
349:348,350,391,350
350:349,330,370,349
351:121,371,241
352:353,394,13,233
353:23,352,333,354,18
354:353,334,374,307
355:356,314
356:355,357,52,279
357:302,103,356,377,194
358:373,338,378,68,99
359:362,339,379,334
360:340,380,66,365,86
361:341,381,296
362:382,359,314
363:343,364,258,130
364:363,384,115
365:345,366,360
366:365,367,397,128
367:262,366,368,12
368:161,367,388,36
369:182,389,210
370:350,390,12
371:382,351,372,217,378
372:371,392,98
373:40,120,84,374,358
374:373,354,394,28
375:395,27
376:308,215,377,174
377:211,376,357,397,17
378:358,379,371
379:378,359,399,68
380:360,0,346,297,319
381:361,382,383,290
382:381,362,383,371,184,159
383:381,382,384,114,394
384:203,383,364,385,200,325,106,226
385:384,5,203,47
386:6,234
387:388,208,132,118
388:260,387,368,389,224,331
389:388,369,9,186
390:370,391,260
391:228,349,390,11,166,258
392:68,51,372,393,235,238
393:392,394,220
394:190,352,393,374,14,383
395:375,15,60
396:286,16,48
397:366,75,377,17,22,398
398:227,18,397
399:379,19,54
