0:20,71,380,104,212,19
1:20,260,2,221,395
2:1,22,364,382
3:4,122,383,272
4:3,5,261,384
5:4,6,238,269
6:5,26,153,271,291
7:8,9,387
8:7,28,277,388,254,35
9:7,10,263,389
10:9,30,298
11:12,153,391
12:11,13,164,392
13:12,33,252,393,319
14:102,15,323,394
15:14,16,209
16:26,132,15,17,111,396
17:227,16,136,37,282,397
18:45,38,29,398
19:171,0,155
20:0,21,1,77,39
21:20,41,149
22:360,2,23,268,159
23:22,43,382,265,270
24:25,78
25:24,26,386
26:25,6,27,16,248,174
27:26,47,275,187,336
28:8,48,150,114
29:30,277,18
30:308,29,10,50,353,218
31:202,51,186
32:52,356,315,356
33:13,53,83
34:184,35,385
35:70,34,36,8
36:35,37,393
37:36,17,57,159
38:18,58,96
39:20,154
40:60,167
41:21,42,326,225,48
42:41,62,319
43:23,63,295,150
44:45,136
45:44,46,18
46:45,47,340
47:122,46,27,67,160,127
48:183,28,49,41
49:48,69,326
50:61,326,30,51,174
51:50,31,52,315
52:51,32,53,90,55
53:52,33,54,230,354
54:80,53,55,113
55:188,90,54,214,56,52,115
56:62,205,55,76,189
57:85,37,58,148
58:385,57,38,59,318
59:58,79,135
60:40,80,378,134,79
61:81,50,144
62:42,82,56,157
63:43,64,205,369
64:63,84,72
65:66,228
66:65,86,237
67:47,68,290
68:67,69,387
69:68,49,70,386,337,278
70:69,71,35,299
71:0,70,91,349,371,396
72:64,92,312
73:145,74,78,358
74:73,94,204
75:289,95,105,275
76:56,96,202
77:373,97,20,279
78:24,87,73,93,98,189
79:257,277,59,60,229
80:60,100,54
81:61,101,209,223,97
82:241,62,83,119
83:82,103,308,33
84:64,85,353
85:84,86,57
86:242,85,66,87,104,172
87:86,88,78
88:160,87,89,138,95
89:88,90,113,290
90:283,89,91,55,52
91:90,71,92,290
92:91,72,112,251
93:94,78
94:93,74,114,199,376
95:164,75,115,88
96:268,76,116,197,38
97:103,273,77,98,81
98:97,78,99,104
99:98,119,288
100:80,120,153,126,119
101:81,102,312
102:101,103,14,339
103:102,83,104,97,370
104:103,105,0,86,98
105:104,106,233,75,238
106:105,126,287
107:222,224,246,108,260
108:107,128,285
109:129,163,137,217
110:111,333,197
111:110,112,264,16,237
112:111,92,132,305
113:89,114,296,54
114:261,309,113,94,134,28
115:146,95,116,55
116:301,353,115,96,136,354
117:163,118,237
118:117,119,222
119:82,118,99,100,183
120:100,140,174,377,139
121:141,148,375
122:123,47,3
123:122,124,283,267
124:123,125,141
125:363,124,145,333
126:262,106,127,100
127:126,147,47,208
128:162,108,148,139
129:109,130,360
130:129,150,151,374
131:132,238
132:249,131,112,152,16
133:134,199
134:133,114,154,60
135:155,330,59
136:44,116,156,17
137:138,109
138:88,210,137,158,275
139:128,334,120,371
140:120,160,308,230
141:121,161,385,124
142:162,365
143:163,155
144:145,61,325,398
145:144,125,146,73
146:145,147,115,167
147:146,127,167,230
148:121,128,149,362,57
149:21,148,150,236
150:28,149,130,170,43
151:243,323,130,152,231
152:347,151,231,132,172,338,193
153:100,6,247,11,154,176
154:245,153,134,155,376,294,357,39
155:143,154,135,175,352,198,19
156:136,157,247
157:156,177,62
158:138,159,173
159:367,37,158,179,22
160:140,161,88,47,179
161:160,141,162,332,189
162:161,142,182,128
163:143,164,117,109
164:163,184,95,12
165:166,355
166:165,186,182
167:40,381,147,168,146,209,316
168:167,188,322
169:170,355,390
170:366,169,150,171,387,190
171:170,172,19
172:171,152,192,86
173:174,321,196,158
174:120,50,173,175,26
175:174,155,195,257
176:153,177,184
177:303,176,157,197,248
178:198,320
179:159,160,249
180:181,303,234
181:180,201,389
182:162,202,217,166,256
183:184,48,119
184:183,164,185,34,176,258
185:184,186,343
186:185,345,166,187,379,31,252
187:186,207,27
188:168,189,55
189:322,188,190,161,56,78
190:189,210,170
191:211,297
192:204,172,193,309
193:192,213,152
194:229,214,299
195:175,196,367
196:195,216,173
197:288,253,96,177,217,110
198:178,218,155
199:133,94,219,295
200:201,254
201:200,181,202,243,216
202:300,201,182,222,31,343,76
203:204,222
204:203,224,192,74
205:63,225,56
206:226,281
207:187,227,297
208:209,127
209:81,208,328,210,167,15
210:209,190,230,138,372,392
211:191,212,264
212:211,232,0
213:193,233,323,318
214:264,350,194,234,55
215:216,329
216:215,196,236,201
217:182,197,218,109
218:217,198,238,30
219:199,239,237
220:240,349,397,239
221:1,241,253
222:202,242,107,203,118
223:224,81
224:223,204,225,107,352
225:224,205,245,41
226:206,227,362
227:226,207,228,17
228:65,227,248,385
229:230,194,79
230:147,229,210,250,140,53
231:151,232,152
232:231,212,233,260
233:105,232,213,234,333
234:233,214,254,180
235:255,274
236:149,216,237,289
237:66,292,236,117,257,111,219
238:5,131,218,239,105
239:280,238,219,220,241
240:220,241,387,335,259
241:240,221,261,82,239
242:222,243,86
243:201,242,244,151
244:243,264,388,344
245:225,246,154
246:245,247,107
247:246,248,153,156
248:247,228,249,26,177
249:340,248,269,132,179
250:230,270,256,351
251:271,376,92
252:253,186,13,394
253:221,252,273,197,295
254:200,234,255,8,298
255:282,254,314,235,275,348
256:250,257,182
257:175,256,237,258,79
258:311,257,278,184
259:240,267
260:261,1,107,232,279
261:260,241,281,114,4
262:282,126
263:283,293,9
264:244,265,214,111,211
265:264,266,23
266:265,267,395,293,317
267:266,287,123,259
268:22,269,96
269:268,249,270,5
270:269,250,290,23
271:251,291,6,355
272:292,3
273:253,293,97
274:294,310,235
275:27,255,295,75,138
276:296,388
277:8,29,297,79
278:258,298,69
279:260,77
280:300,239
281:261,301,318,206,312
282:262,283,255,387,17
283:282,123,263,303,90
284:285,343,368
285:284,305,291,108
286:306,332,331
287:106,267,307,289
288:289,197,99
289:287,288,309,75,236
290:383,67,270,291,89,91
291:380,285,290,271,311,6
292:272,312,237
293:263,273,294,266
294:293,274,295,154
295:43,294,275,315,253,199
296:113,276,297,352
297:207,191,296,277,317,387
298:10,278,318,254
299:194,319,70
300:280,301,202
301:300,281,302,116
302:301,322,314
303:180,283,323,177,338
304:324,351
305:285,325,364,365,112
306:286,326,386
307:287,308,318
308:140,83,307,328,30
309:289,329,114,192
310:330,349,274
311:291,331,258
312:101,72,292,313,281
313:320,312,333,330
314:302,315,255
315:51,314,295,316,32
316:315,317,167
317:316,297,318,266
318:281,307,332,317,58,298,338,213
319:42,299,339,13
320:321,313,178
321:320,341,367,173
322:302,342,189,168
323:303,343,151,213,14
324:304,325,342
325:362,324,305,345,144
326:41,306,327,50,49
327:384,326,328,360,349
328:327,308,329,209
329:328,309,349,381,215
330:310,331,352,313,135
331:330,311,332,286,399
332:161,286,389,331,352,318
333:125,110,233,313,353,378
334:361,386,354,139
335:355,240
336:337,27
337:336,357,69
338:152,318,339,303
339:338,319,359,102
340:360,249,46
341:321,361,343,348
342:322,362,399,324,359
343:341,323,363,202,284,185
344:364,244
345:325,365,186
346:347,378
347:346,348,152
348:347,349,341,255
349:220,348,329,369,327,310,71
350:351,214
351:304,350,371,250
352:330,332,372,224,155,296
353:84,30,333,373,116
354:334,355,53,116
355:165,169,354,335,356,271
356:32,355,357,32
357:356,337,358,154
358:357,359,73
359:382,358,339,379,342
360:340,361,22,327,129
361:360,341,381,334
362:342,382,325,364,226,148
363:343,383,125
364:2,344,365,362,305
365:142,364,345,385,305
366:367,170
367:321,366,368,159,195
368:367,388,284,378
369:349,389,63,393
370:390,103
371:351,372,71,139
372:371,352,392,210
373:353,374,77
374:388,373,375,130
375:374,376,121
376:251,154,375,396,94
377:378,120
378:60,346,333,377,379,368
379:186,378,359,399,381
380:0,291,399
381:361,382,167,329,379
382:381,362,2,359,23
383:363,3,290
384:4,327
385:141,365,386,58,228,34
386:25,385,306,387,334,69
387:240,386,7,282,68,170,297
388:244,368,8,374,276
389:181,369,9,332
390:370,391,169
391:390,11,395
392:372,12,210
393:13,369,36
394:14,252
395:266,391,396,1
396:395,376,16,71
397:17,220
398:18,144
399:342,379,380,331
