0:1,259,380,46,116,19
1:0,2,328,94
2:1,3,388
3:2,4,348,137
4:3,24,311,344,384,93
5:143,25,335,385,7
6:26,31
7:183,27,5,328,218
8:9,31
9:106,8,29,79,389
10:30,40,390,311
11:12,320,319
12:270,11,32,334
13:14,331
14:13,15,387,394
15:209,14,35,51,115,395
16:36,74
17:18,393
18:17,38,52
19:221,62,23,317,0,304,399
20:40,200,27,39
21:41,219,170
22:240,23,164,44
23:22,43,19,290
24:4,25,293
25:24,5,45,222,168
26:6,46,49,257
27:7,28,20,112
28:27,29,207
29:28,9,49,283
30:10,31,85
31:6,8,30,32,394
32:68,31,12,33,106,153
33:345,32,34,167
34:368,349,33,35,148
35:188,73,34,15,36,184
36:35,16,56,266
37:390,57,244
38:281,173,18,39,322
39:295,76,38,20,66
40:20,60,220,10
41:21,61,321,302,283
42:62,365,288,193,117
43:23,44,155,125
44:43,45,22
45:44,25,46,125
46:45,26,66,0
47:67,114
48:49,71
49:26,48,29,50,118
50:49,369,51,230
51:80,50,52,337,15
52:51,72,325,18,98
53:90,54,336
54:53,55,113,215,358
55:54,56,252,395
56:55,36,76,340
57:37,77,143
58:78,167
59:130,79,325
60:40,61,175,307,79,259
61:60,41,81,295,110
62:42,82,19
63:83,286
64:84,245,75
65:66,183,389
66:65,46,67,245,39
67:66,47,68,241
68:67,88,32
69:186,127,89,234
70:71,230,92,99
71:48,70,72,176
72:81,71,52,73,117
73:308,72,93,35
74:75,203,16
75:201,74,76,64
76:171,75,56,77,39
77:76,57,97,103
78:184,246,268,391,58,79,391,178
79:9,78,59,60,85
80:100,51,244,392
81:260,61,101,72,372
82:62,83,145
83:82,63,84,365
84:83,64,85,366,396
85:84,86,198,30,376,79
86:85,106,316
87:107,294
88:386,68,89,365
89:88,69,109,398
90:162,365,110,53
91:111,194,277
92:93,70
93:388,190,92,73,94,4
94:93,114,1
95:96,374
96:224,95,97,139,318
97:105,96,77,117,267
98:99,52
99:202,98,119,70
100:80,101,384,361,108,119
101:100,81,102,122
102:101,122,150,234
103:123,300,289,77
104:124,343,379
105:125,97,155,339
106:86,126,9,32,294
107:87,108,207
108:107,128,100,109
109:265,89,110,108
110:109,90,111,61
111:110,91,112,302
112:111,113,27,176
113:346,229,112,133,125,54
114:47,249,331,94,115,228
115:114,135,15
116:117,0
117:284,189,72,375,116,97,137,42
118:49,312,296,138,291
119:99,100,244
120:140,155,370
121:141,352
122:101,102,142,378,262
123:280,103,124,141
124:380,381,123,104,125,144,286
125:124,45,105,145,43,113,175
126:106,146,233
127:360,204,128,69,397
128:225,127,108,148,158
129:130,309,351
130:129,131,59,135
131:264,130,151,149
132:133,202
133:323,132,113,153,145
134:226,371,154,197
135:187,115,136,130
136:135,137,214
137:160,136,117,157,3
138:118,158,249
139:227,96,159,175
140:120,141,341
141:140,121,161,144,123,157
142:122,143,163,191
143:142,144,5,57
144:141,143,124,164,298
145:82,125,146,238,133
146:223,145,126,166,281
147:148,298
148:147,128,149,382,34
149:148,169,247,131
150:102,182,151,376
151:150,131,171,197
152:282,153,165
153:152,133,154,32
154:153,134,155,387
155:120,43,154,156,105
156:155,176,273
157:341,137,177,141
158:128,292,335,138,159,367
159:158,139,179,363
160:161,137,334
161:160,141,181,240,333
162:163,90
163:142,162,222,183,256
164:22,144,165,302
165:164,166,257,152,378
166:165,146,186,328
167:181,168,340,207,33,58
168:200,167,169,25
169:168,149,170,396,313
170:169,171,21
171:170,151,191,76,192
172:173,301
173:172,174,38
174:173,194,182,275
175:60,195,125,139
176:71,291,156,196,112
177:248,157,197,227
178:179,78
179:178,159,199,315
180:181,328,199
181:180,161,201,167
182:202,150,383,206,174
183:163,203,7,65,278
184:185,78,35,198,399
185:184,205,384
186:166,187,69,238
187:186,188,135,276
188:187,208,35
189:209,117
190:210,93
191:171,192,142
192:191,212,171
193:194,42
194:91,193,174,214,322
195:175,215,318
196:347,176,197,314
197:151,134,196,177,217,275
198:85,267,218,184
199:179,180,397
200:20,201,168
201:200,181,202,75,325
202:201,182,203,99,132
203:202,183,204,399,385,74
204:203,205,127,233
205:204,185,206,309
206:382,205,207,182
207:206,107,227,167,28
208:304,327,188,209,289
209:208,189,210,15
210:266,209,190,230,396
211:366,212,344
212:211,192,232,322
213:214,236
214:213,194,215,267,136
215:214,195,216,54
216:215,236,372
217:197,237,256
218:198,219,7
219:21,230,218,398,239,261
220:40,221,274,239
221:220,222,19
222:221,223,163,25
223:222,224,146
224:223,244,96,299
225:245,128
226:364,227,134
227:226,207,247,139,177
228:248,325,272,114
229:230,113
230:229,50,70,210,250,219
231:232,258,232,374
232:231,212,233,231,256
233:126,271,232,234,204
234:241,69,233,254,102
235:306,254,255,348
236:213,216,237,311
237:329,255,236,217,257,242
238:145,258,186
239:219,220,381
240:260,22,161
241:261,234,67
242:262,355,237
243:263,307
244:224,264,80,37,119
245:64,225,246,304,66
246:245,266,78
247:227,267,277,149
248:228,249,177
249:248,250,114,138
250:249,230,270,330
251:252,396
252:251,272,253,55,316
253:252,254,340,338
254:326,253,234,255,235
255:373,254,235,256,237
256:163,255,257,232,217
257:322,165,256,237,277,26
258:231,238,259,309
259:0,258,279,60
260:240,280,81,336,279
261:241,281,398,219
262:242,282,122
263:243,264,338
264:263,244,265,131
265:264,266,109
266:265,246,286,210,36
267:247,287,198,214,97
268:288,78
269:289,338
270:250,271,12
271:270,291,233
272:252,292,228
273:293,352,156
274:220,294,301,315
275:276,174,197
276:275,277,187
277:247,276,257,278,91
278:277,279,183
279:278,259,260,395
280:260,300,123,299
281:261,301,38,146
282:262,302,152
283:303,41,29
284:304,117
285:305,358
286:63,266,306,124
287:267,307,375
288:340,268,308,42,357
289:208,269,290,103
290:289,310,23
291:271,292,176,118
292:291,272,312,158
293:24,273,294,364
294:87,293,274,295,106
295:61,294,296,39,356
296:300,295,316,118
297:317,298
298:144,147,297,318,315
299:280,224
300:280,301,296,301,103
301:300,281,302,300,172,274
302:301,282,322,41,164,111,332
303:283,323,327
304:343,284,324,208,245,19
305:285,306,322
306:305,286,326,235
307:243,287,327,60,314
308:288,328,73
309:205,129,310,389,258
310:309,290,330,311
311:4,310,331,10,236
312:292,313,118
313:312,314,169
314:313,334,307,196
315:335,274,337,298,179
316:86,330,296,317,252
317:316,297,337,19
318:195,298,319,96
319:318,339,11
320:321,329,11,339
321:320,41,322,370,393
322:321,302,342,257,363,305,212,194,38
323:303,343,133,350,354
324:304,344,332
325:326,201,228,52,377,59
326:325,306,346,254
327:303,307,347,208
328:180,1,166,308,348,7
329:320,330,237
330:387,329,250,310,350,316
331:311,332,114,13
332:324,331,352,302
333:334,161
334:12,333,314,354,160
335:5,315,355,158
336:53,356,260
337:51,317,338,315
338:263,269,337,339,253
339:338,319,320,105
340:360,288,167,253,56,359
341:140,361,157
342:322,343,347
343:342,323,363,304,104,367
344:324,345,4,384,211
345:344,365,33
346:326,347,113
347:342,346,327,367,196
348:3,328,368,393,235
349:369,34
350:330,351,323
351:350,352,129
352:121,351,332,353,388,273
353:352,373,390
354:334,355,323
355:242,354,335,356,361
356:355,336,376,295
357:377,288
358:285,359,54
359:358,340,385
360:340,380,127
361:341,362,100,355
362:361,363,388,394
363:362,343,364,322,159
364:363,365,226,293
365:42,83,364,345,366,90,88
366:84,365,367,211
367:366,347,368,343,158
368:367,348,388,34
369:349,389,50
370:321,390,120
371:391,134
372:392,81,216
373:353,393,255
374:375,231,95
375:287,374,376,117
376:150,375,356,377,85
377:376,357,378,325
378:122,377,379,165
379:378,399,104
380:360,0,124
381:382,124,239
382:381,383,206,148
383:382,384,182
384:100,383,4,344,185
385:5,203,359
386:387,88
387:386,388,330,14,154
388:2,362,387,368,389,93,352
389:388,309,369,9,65
390:370,10,37,353
391:371,392,78,78
392:391,372,393,80
393:348,392,373,394,321,17
394:31,393,14,362
395:15,55,279
396:169,210,251,397,84
397:396,398,127,199
398:261,89,397,399,219
399:203,398,379,19,184
