0:20,384,197
1:21,28,381,172
2:3,102,382,223
3:2,122,23,71,54
4:301,24,193,253
5:321,364,6,321,385,275
6:5,26,221,386,251,136
7:322,46,27,343,387
8:28,56,388
9:302,29,293,250
10:30,93,390,196
11:380,12,56,391
12:11,13,377
13:12,33,220,393
14:15,280
15:14,35,398
16:160,36,295,396
17:247,37,26,397
18:38,195,398
19:39,29
20:0,21,40,39
21:20,1,41,286,264
22:42,311,235
23:3,43,309,43,207
24:4,25,244,270
25:261,24,26,237
26:361,25,6,27,65,249,17
27:26,7,47,89,92,276,219
28:1,8,29,205,311,352
29:28,9,49,329,369,56,19,279
30:240,10,50,73
31:51,333
32:33,373
33:32,13,34,166
34:325,33,35,339
35:210,34,15,55,37
36:85,309,254,16,56,50,296
37:35,17,38,329
38:37,18,58,307
39:19,20,195
40:20,41,256,201,348,59
41:40,260,21,61,223,346,227,351,115
42:22,62,97,396
43:23,44,23,366
44:43,64,108,330
45:46,279,313
46:45,47,7
47:46,27,67,133
48:49,69
49:323,245,48,308,29,50,165
50:49,30,70,60,36
51:31,52,75
52:51,53,223
53:52,54,60
54:341,89,53,55,3
55:54,35,75,205
56:8,11,36,76,29
57:58,225,399
58:173,57,38,78,225
59:40,237
60:80,131,50,53
61:41,62,254,379
62:61,42,63,218
63:62,83,202
64:44,84,206
65:85,348,26,211,93
66:86,168,292,273
67:47,87,380
68:88,192,193
69:48,70,322,150,370
70:69,50,90,158,158
71:3,72,72,118
72:107,71,71,73,204
73:30,72,74,260
74:331,272,73,75,226,218
75:51,74,55,76,305
76:75,56,96,103
77:393,97,310
78:381,269,58,98,294,358
79:99,316
80:60,100,354,104,99
81:101,373,265,215
82:83,173
83:82,362,63,103,246,84,350
84:64,104,83,310
85:65,86,36
86:85,66,106,96
87:67,107,394
88:344,68,89,383
89:121,162,27,88,148,90,54
90:106,89,70,110,399
91:142,111,100
92:93,27
93:101,10,92,113,65
94:95,239
95:230,94,115,360,255
96:86,76,116,265
97:42,242,77,117,135
98:289,78,99,260
99:327,98,79,80,298
100:80,120,287,268,91,119
101:300,81,102,93,185
102:101,2,103,397,345,392
103:102,83,123,275,76
104:84,105,80
105:104,125,380,177
106:164,86,107,90,335,375
107:106,87,108,72,371
108:44,107,109,379
109:108,129,326
110:90,111,211
111:110,91,131,136
112:191,132,195,312
113:244,93,114,190
114:113,115,396
115:114,174,95,135,41
116:284,96,117,397
117:116,97,137,296
118:214,138,71
119:100,318
120:100,140,333,139
121:141,89
122:142,3,337
123:103,143,384
124:125,349
125:124,105,126,226
126:324,125,146,160
127:128,162
128:127,129,303
129:128,109,149,230
130:131,208,295
131:60,130,111,132,272,231
132:131,112,133,374
133:47,132,134,391
134:133,135,215
135:134,115,136,159,97
136:200,188,111,135,137,6
137:187,368,136,117,138,300,199
138:137,118,139,377
139:138,120,274
140:120,141,355
141:140,121,161,208
142:122,143,91
143:142,123,144,362,365
144:143,164,348,398
145:383,146,364
146:145,126,166,366
147:222,384,148,239,376
148:147,168,89
149:129,150,380
150:343,149,170,69
151:340,171,155,298
152:172,269
153:173,325
154:391,155,183
155:151,154,156,210
156:155,157,253
157:156,158,378
158:70,157,159,70
159:135,158,179,295
160:161,16,126,171,338,179
161:160,141,162,273
162:161,182,89,127
163:164,373,175,355
164:163,144,165,106,291
165:164,166,330,49
166:165,146,167,303,33
167:166,187,333
168:66,148,188,372
169:248,189,219,356
170:150,190,214,290
171:151,191,160,271
172:152,173,1
173:82,172,153,174,58,233
174:173,175,115
175:229,174,195,163
176:177,391
177:176,197,105
178:198,218
179:198,159,160,376
180:181,367
181:180,182,266
182:181,162,202,241
183:184,219,154
184:183,204,232
185:186,101
186:185,206,245
187:167,207,137
188:168,208,136
189:169,190,279
190:208,189,170,210,338,113,216
191:171,211,112
192:68,212,306
193:263,4,194,68
194:193,214,202
195:209,112,175,215,324,18,39
196:216,10
197:177,217,0
198:178,218,179,339
199:219,137
200:220,136,204,219
201:202,40,262,394
202:201,182,222,349,63,194
203:204,237
204:203,184,205,200,72
205:204,225,278,28,55
206:64,186,207,316
207:206,187,208,23
208:141,207,188,228,190,130,378
209:210,195
210:209,190,230,35,372,155
211:110,191,212,65
212:211,192,232,383,213
213:363,233,212
214:170,194,234,118
215:134,195,235,81
216:373,196,217,190
217:216,197,218,253
218:62,217,178,198,219,74
219:183,326,169,218,199,200,27
220:200,240,322,13
221:241,384,6
222:202,242,147,293
223:41,224,2,52
224:223,244,335
225:205,226,375,57,58
226:125,225,246,303,329,74
227:247,41
228:208,248,253
229:249,175,377
230:129,210,250,95
231:349,232,131
232:184,286,231,212,252,399
233:213,253,173
234:214,235,309
235:234,274,215,255,22
236:256,330
237:203,303,25,257,245,59,319
238:285,258,390
239:281,147,94,259,260
240:220,241,30,280,259
241:240,221,261,359,182
242:222,262,97,382
243:263,332
244:24,224,264,113
245:246,49,186,237
246:83,245,226,266,346,347
247:227,248,17
248:247,228,268,169
249:229,269,26
250:230,270,9
251:252,6
252:251,232,272,329
253:228,233,254,4,156,217
254:61,253,255,36
255:254,235,275,95
256:40,236,257,279
257:256,237,258,372
258:257,238,259,301
259:258,239,240,336
260:280,41,73,98,239,279
261:241,262,25
262:261,242,263,201
263:262,243,264,193,332
264:263,244,284,21,333
265:266,81,96
266:181,265,246,267,365
267:266,287,299
268:248,288,100
269:305,249,289,78,152,353
270:250,271,24,294
271:270,272,171
272:131,271,252,273,74
273:161,272,293,66
274:275,235,139
275:103,274,255,295,5
276:277,27
277:388,374,276,297,307
278:205,279,331
279:45,189,256,278,260,29
280:260,300,240,390,14
281:282,239
282:281,302,307
283:303,372
284:264,285,116,328
285:284,305,238
286:21,287,232
287:100,286,267,288,305
288:287,268,308,387
289:269,290,98
290:289,291,170
291:290,292,164
292:304,291,312,66,316
293:9,273,313,222,336
294:314,270,78
295:275,315,130,16,159
296:297,36,117
297:296,277,317,310,359
298:367,318,151,99
299:267,319,318
300:280,320,101,334,137
301:302,4,258
302:301,282,303,9
303:302,283,323,237,166,226,128
304:324,292
305:285,306,269,287,75
306:305,326,383,192
307:282,308,332,277,38
308:307,288,309,49
309:23,308,310,36,234
310:309,330,84,77,297
311:22,331,28
312:292,313,112
313:312,293,314,45
314:313,294,315,397
315:314,295,335,320
316:206,336,292,79
317:297,318,381
318:317,298,319,381,119,299
319:318,299,339,237
320:300,340,330,315
321:322,5,5
322:220,321,342,7,342,69
323:303,343,49
324:304,344,126,195,397
325:345,34,153
326:306,327,219,109
327:326,347,99
328:348,284
329:29,349,226,252,37
330:320,165,310,331,44,236
331:330,311,332,74,278
332:243,307,331,333,263
333:120,167,31,332,353,264
334:354,300
335:224,315,355,106
336:316,337,293,259
337:336,338,122
338:190,337,339,160
339:34,354,338,319,359,198
340:320,360,151,359
341:342,54
342:341,322,362,322,385
343:323,363,150,7
344:324,364,88
345:325,365,102
346:246,347,41
347:346,327,348,246
348:144,65,347,328,349,40
349:202,124,348,329,350,231
350:349,351,83
351:350,352,41
352:351,372,28
353:333,373,269
354:80,334,374,339
355:140,335,356,163
356:355,376,169
357:377,380
358:378,78
359:241,387,339,340,297
360:340,380,369,95
361:362,26
362:361,342,363,83,143,389
363:362,343,383,213
364:344,384,5,145
365:345,366,143,266
366:365,146,367,43
367:180,366,368,298
368:367,388,137
369:360,389,29
370:390,69
371:391,107
372:283,168,352,373,210,257
373:81,163,32,372,353,393,216
374:386,132,354,375,277
375:225,374,376,106
376:375,356,377,147,179
377:12,376,357,397,229,138
378:157,358,398,208
379:108,399,61
380:360,381,11,105,67,149,357,399
381:380,1,78,317,318
382:2,242,395
383:363,384,145,306,88,212
384:0,221,123,383,364,385,147
385:384,5,342
386:6,374
387:7,359,288
388:368,8,277
389:369,390,362
390:389,370,10,280,238
391:371,11,154,133,176
392:393,102
393:392,373,13,77
394:87,395,201
395:394,396,382
396:114,395,16,42
397:102,314,116,377,17,324
398:15,378,18,144
399:90,232,379,380,57
