0:20,217,19
1:2,99,285,37,317
2:1,3,107,144
3:2,23,46,383
4:24,386
5:6,70,385
6:5,26,360
7:27,387
8:9,230,388
9:8,10,144,389,30
10:9,30,337
11:263,12,349,94,17
12:42,207,11,32,329
13:14,154,393,258
14:240,13,15,170
15:82,211,14,16,372,118
16:307,15,36,229,396
17:274,37,11
18:294,19,55
19:18,0,140,399
20:0,21,238,159
21:20,41,204,326,132
22:42,276
23:3,24,87,86
24:360,23,4,25,51,304,85,50
25:24,26,365
26:25,6,46,123,139
27:7,47,298
28:241,48,105
29:49,125
30:10,31,9,151
31:181,269,30,32,70,355,176
32:31,12,52,284,56
33:53,88,76
34:54,326
35:36,150
36:200,35,16,37,264
37:204,36,17,38,1
38:37,58,358
39:397,59,109
40:60,90,59
41:21,61,398
42:22,62,12,59
43:44,244,254
44:43,163,64,171
45:65,275
46:3,26,66,373
47:27,67,73
48:161,28,68,350,311,197
49:29,69,78
50:185,51,24
51:24,50,52,283,296
52:51,32,72,298
53:33,73,152
54:34,74,283
55:332,56,218,18
56:102,55,57,32
57:342,56,58,313
58:168,57,38,59,370,78
59:58,39,40,42
60:40,80,199,320,79
61:41,62,156
62:61,42,82,238
63:83,315,389,270,375,277
64:44,65,120
65:64,45,66,180,255,259
66:65,46,86,300,287,88
67:47,68,209,153
68:67,48,88,113,131
69:49,70,149
70:5,69,71,103,31
71:70,250,72,164,273
72:71,52,92,74
73:47,53,93,266
74:72,54,94,85
75:244,76,272
76:75,96,33
77:78,81
78:125,49,77,79,58
79:187,78,60,152
80:60,100,302,99
81:82,141,361,77
82:81,62,102,15,325
83:63,103,323,346,148
84:85,160
85:84,86,24,112,74
86:142,85,66,106,23,219
87:23,164,88,148,398
88:87,68,108,66,33
89:90,393,292
90:40,89,91,228
91:90,92,241,213
92:262,367,91,72,93,109
93:327,92,73,94,330
94:93,74,95,11
95:266,94,115,227
96:76,116,331
97:152,117,171
98:99,189
99:1,98,80,191
100:80,101,203,119
101:100,102,120
102:101,82,122,56
103:83,123,143,70,233
104:105,139,167,338
105:104,125,342,28
106:86,107,185,178
107:2,106,108,174,315
108:107,88,109,119,370
109:108,110,337,92,39
110:109,111,298
111:110,112,213
112:111,113,85
113:385,68,112,133,207
114:303,190,115,235
115:114,95,116,161
116:322,115,96,117,205
117:116,97,118,141
118:117,138,15
119:108,100,245
120:121,290,101,261,64,228,331,217,139
121:120,122,274,299
122:121,102,123,318,135
123:122,103,143,375,26
124:125,134
125:124,105,145,78,226,246,29
126:146,249,368,357
127:128,212,218
128:127,148,337
129:130,389
130:221,284,344,129,131,312
131:143,384,130,151,68
132:133,21
133:383,132,113,134,281
134:341,124,133,135,143
135:134,155,122
136:156,141
137:212,138,222
138:137,118,139,276
139:104,138,120,26
140:160,239,158,19
141:81,142,148,136,117
142:141,143,86,230,359
143:201,142,103,123,163,131,247,134,216
144:164,2,9
145:125,146,357
146:182,145,126,147,274
147:146,167,203
148:141,186,87,128,168,83,288
149:69,169,318
150:151,240,35,395,196
151:225,305,150,131,152,30
152:151,172,97,53,79
153:321,362,173,67
154:13,174,386
155:372,135,156,314
156:61,312,155,136,157,269
157:156,177,252
158:206,178,140
159:179,20
160:140,161,358,84
161:160,181,48,203,308,394,115
162:182,301
163:143,164,44,223
164:163,144,165,87,71
165:164,185,274
166:167,257,249
167:166,147,168,104
168:167,148,169,58
169:168,149,189,297
170:267,190,396,14
171:44,191,312,373,97
172:152,192,247
173:153,193,179
174:107,154,175,216
175:174,176,279
176:350,175,177,31
177:183,176,157,197,228
178:272,158,179,106
179:173,178,318,159,199,184
180:200,226,65
181:161,201,31
182:162,183,146
183:182,203,177
184:185,302,179
185:184,165,205,50,106
186:187,148
187:186,207,79
188:189,194,352
189:188,169,209,342,98
190:170,210,114
191:171,211,340,99,399
192:172,193,215
193:282,192,173,213,331
194:188,231,195,242
195:202,194,215,350,199
196:216,150
197:177,198,48
198:376,197,199,342
199:60,316,198,179,219,195
200:180,220,36,248,348,219
201:181,202,143
202:201,222,195
203:100,183,204,161,365,147
204:21,203,224,37
205:185,206,371,116
206:205,226,158
207:187,208,12,113
208:207,209,303
209:67,208,189,229,343
210:190,211,262
211:210,191,212,15
212:127,211,213,137
213:111,212,193,233,91
214:215,367
215:192,214,195,216,353
216:264,174,215,196,217,143,278
217:0,232,216,237,120
218:281,55,337,238,127
219:293,199,200,86
220:200,221,377
221:220,222,130,351
222:221,202,223,352,137
223:222,243,163
224:204,225,372
225:224,226,151
226:180,302,225,206,227,125
227:226,228,280,95
228:227,229,120,90,177
229:228,209,230,251,329,16,358
230:8,229,231,142
231:230,251,194
232:260,233,217
233:232,213,234,103
234:233,254,387
235:114,255,326
236:237,376
237:275,236,217,257,296
238:20,62,306,218,239,290
239:140,238,259,296
240:241,14,150,259
241:240,261,28,91
242:243,325,194
243:242,223,263,380
244:43,245,75
245:244,246,394,119
246:245,266,125
247:248,143,172
248:247,249,200,310
249:126,248,269,166
250:270,71
251:229,231,252,316
252:251,253,344,157
253:252,273,320,256
254:234,255,43
255:254,235,256,65,378
256:255,257,253
257:166,256,237,277,348
258:278,13
259:239,240,65
260:261,232
261:260,241,281,120
262:263,92,210,330,390
263:262,243,264,11
264:263,265,216,36
265:264,266,352
266:265,246,286,95,328,73
267:268,170
268:267,269,388
269:268,249,289,31,156
270:250,271,63
271:270,291,344,354
272:292,178,393,75
273:253,293,71
274:121,165,146,275,17
275:45,274,276,237
276:22,275,296,364,138
277:257,297,63
278:291,258,298,216,319
279:175,299,397
280:281,306,227,314
281:280,261,301,218,133,313
282:283,193
283:282,303,330,51,54
284:304,130,391,32
285:286,1,396
286:285,266,306,315
287:288,66
288:287,308,148
289:323,343,269,309,330
290:120,291,353,238
291:290,271,292,278
292:291,272,312,89
293:273,313,219
294:314,18
295:296,370
296:295,276,297,51,237,239
297:169,296,277,317,367
298:300,27,110,52,278,318,386
299:381,279,319,121
300:301,298,66,356,319
301:300,281,302,394,162
302:80,380,301,322,226,184
303:283,323,114,208
304:284,305,24
305:304,325,151
306:280,286,307,238
307:306,308,16,349
308:307,288,309,161
309:308,289,329,326,371
310:330,248
311:312,48,392
312:130,171,311,292,313,156
313:312,293,333,281,57
314:294,315,280,155
315:63,286,314,335,107
316:251,336,199
317:297,337,1
318:122,149,298,319,179
319:318,299,300,278
320:340,60,253
321:322,153
322:321,302,342,116
323:83,303,324,289
324:323,325,381
325:242,324,305,345,82
326:346,21,309,34,235
327:328,93
328:327,329,266
329:328,309,330,229,12
330:283,289,329,310,331,262,93
331:330,332,120,193,334,96
332:331,352,55
333:382,313,353,355
334:340,354,331
335:315,336,372
336:353,335,316,337,353
337:128,109,10,336,317,357,218
338:358,104
339:359,356
340:320,341,334,191,359
341:340,342,134
342:341,322,362,57,105,189,198
343:344,289,209
344:343,345,130,271,252
345:344,325,365,396
346:326,366,83
347:348,369
348:347,368,200,257
349:350,307,11
350:48,349,351,176,195
351:350,371,221
352:222,265,332,353,188
353:290,352,333,354,336,374,215,336
354:353,334,374,271
355:386,388,333,375,31
356:357,300,339
357:145,356,337,358,126
358:160,357,38,338,359,229
359:358,339,340,142
360:361,24,6,379
361:360,381,81
362:342,363,153
363:362,383,388
364:384,386,276
365:25,345,366,203
366:365,346,386,395
367:368,92,214,297,379
368:367,348,388,126
369:347,389,375
370:371,108,295,58
371:205,370,351,372,309
372:224,371,392,155,15,335
373:46,374,171
374:373,354,375,353
375:123,369,374,355,376,63
376:375,236,377,198
377:220,376,397,393
378:398,255
379:360,367
380:381,302,243
381:380,361,382,299,324
382:381,383,333
383:382,363,3,133,387
384:364,385,131
385:384,5,113
386:4,364,366,387,355,154,298
387:386,7,388,383,234
388:363,387,268,368,8,355
389:129,369,9,63
390:391,262
391:390,392,284
392:391,372,393,311
393:89,392,13,272,377
394:301,245,395,161
395:366,394,396,150
396:345,170,395,16,285
397:377,398,39,279
398:41,397,378,399,87
399:398,19,191
