0:20,227,380,136,19
1:2,37
2:1,3,396,87,207
3:2,23,260,129,199
4:222,5,18,384,356
5:4,25,118,233,19
6:203,26,25,39
7:185,8,352,387,28,370
8:7,9,71,388
9:8,29,182,389,373
10:263,30,14
11:26,12,364
12:29,11,32,340,392
13:33,279
14:10,34,270,394
15:16,108,395
16:214,15,17,288
17:49,16,18,336,258
18:4,17,38,254,398
19:0,5
20:0,40,195,178,39
21:41,160,261,51
22:42,42
23:3,24,304
24:23,25,202,324
25:24,5,26,217,6
26:201,25,6,27,11,108,189
27:26,28,357
28:27,29,7
29:28,9,30,12
30:300,363,29,10,31,214
31:30,32,133,152,273,34
32:31,12,33,257
33:32,13,34,187
34:33,14,54,31
35:223,36,340,396
36:35,56,346
37:1,38,58
38:210,351,37,18,58,393,279
39:95,20,6
40:20,41,115,288,249,135,59
41:40,21,42,86,133
42:41,22,22,43,378
43:42,63,292,216,158
44:45,114,132
45:44,65,237,196
46:66,71,369
47:340,48,141
48:47,49,102
49:48,69,17,218
50:51,346
51:50,52,21
52:51,72,145
53:73,118
54:34,74,231
55:341,75,368
56:73,36,76,216
57:180,306,58,287
58:168,37,57,38,78,305
59:284,40,145
60:80,297,343,368
61:62,232,335,119,339
62:61,82,374,355
63:43,83,292,344,112,332
64:65,282
65:64,45,66,139,392
66:65,46,67,228
67:66,87,157
68:88,134
69:49,70,138
70:69,71,174
71:46,8,70,72,99
72:227,71,52,92,239,232,197
73:53,93,56,77
74:348,54,75,281
75:74,55,76,121
76:382,75,56,96,139
77:97,73
78:82,134,58,79,231
79:78,99,133
80:60,81,91,380,99
81:80,82,115,230
82:81,62,83,78
83:82,63,84,362
84:83,85,255,179
85:84,105,398
86:41,243,87,274
87:100,86,67,107,2,274,157
88:68,108,125,372,275
89:109,300
90:110,291,172
91:80,200,111,288
92:72,93,218
93:92,73,94,146,234
94:93,95,181
95:94,96,39
96:95,76,116,217
97:109,77,117,243
98:118,202
99:71,193,79,80,299
100:101,87,376
101:100,121,328
102:103,197,48
103:102,104,302,323
104:103,124,142,177
105:85,125,154
106:107,317
107:106,87,127,370,308
108:88,109,26,15
109:108,89,129,97,219
110:90,130,333
111:91,131,398
112:132,63,299
113:381,133,162
114:44,115,359,336
115:40,81,114,116,166
116:361,115,96,117,176,338
117:281,116,97,137,161
118:142,5,53,98,138,160
119:186,238,139,61
120:140,246,276,139
121:101,122,262,143,75
122:121,142,154,383,235
123:124,361
124:123,104,125,243,384,209
125:124,105,126,196,88,170,375
126:125,146,159,312
127:107,147,195
128:129,265
129:128,109,130,3
130:129,110,131,319,257
131:130,111,132,257
132:144,131,112,152,44
133:31,113,153,41,79
134:68,154,78
135:155,40
136:240,156,0
137:182,117,138,169
138:285,228,69,137,118,139,223
139:65,76,138,119,120,346
140:120,160,308,325,187,328,333
141:142,255,47,291
142:141,122,143,118,104
143:142,144,121
144:143,164,132
145:262,165,349,52,59
146:282,126,166,337,93
147:163,127,148,395,231,295
148:147,149,380
149:148,388,169,163
150:151,166,151
151:150,171,150
152:132,172,31
153:133,154,357
154:122,105,153,134,155,296
155:289,154,135,175,208
156:136,157,321
157:67,156,158,87
158:157,159,43
159:245,126,158,179,252
160:140,180,289,21,118
161:181,289,329,117
162:163,300,113
163:162,164,147,149
164:163,144,184,286
165:145,166,322
166:165,146,186,284,150,115
167:168,371
168:167,188,58
169:149,170,363,137
170:169,190,125,256
171:151,191,399
172:364,152,192,90,293
173:225,174,321
174:70,173,175,356,374
175:174,155,176,184
176:175,195,116,177,208
177:176,178,104
178:220,371,177,198,20
179:159,199,84
180:160,181,57,247,349,199
181:180,161,182,230,272,94
182:181,183,137,9
183:182,203,306
184:164,204,240,175
185:186,7
186:221,321,185,166,187,119
187:186,188,140,350,33
188:187,168,189,376
189:362,188,190,26
190:189,170,191,346
191:190,171,211,394
192:172,212,277,239
193:194,99
194:193,214,388
195:20,127,213,215,176
196:125,216,45
197:102,198,72
198:197,178,218,393
199:268,270,378,179,180,3
200:220,91
201:221,26,294
202:222,283,24,98
203:183,204,6,385
204:203,184,205,254,266
205:204,206,367
206:205,226,337
207:227,2
208:209,239,155,176
209:208,210,124
210:209,211,38
211:241,210,191,231,392
212:192,213,386
213:326,212,233,195
214:30,194,234,16
215:195,216,330
216:215,56,196,217,43
217:25,96,216,218,393
218:92,217,198,238,49,298
219:239,109
220:200,240,178,239
221:201,241,186,264
222:202,242,4
223:243,35,138
224:244,372,226
225:245,173
226:206,227,224,393
227:0,226,207,228,72
228:66,227,248,138
229:230,324
230:181,229,250,81
231:211,251,147,54,78
232:61,365,233,72
233:287,232,213,234,5
234:233,214,235,93
235:234,255,122
236:237,242
237:45,236,238,323
238:237,218,239,119
239:208,72,238,219,220,192
240:220,241,136,184,354,259
241:240,221,261,211
242:222,243,365,250,236
243:242,223,244,86,124,97
244:243,224,264,314
245:303,225,265,159
246:120,247,388,397
247:246,267,180
248:228,249,288
249:248,269,40
250:230,270,242
251:231,252,337,254
252:251,253,399,318,159
253:252,273,370
254:204,274,251,18
255:141,84,313,235,256,289,395
256:255,257,170
257:322,131,32,256,258,130
258:347,257,278,17
259:240,377
260:280,273,3,279
261:241,281,21,352
262:121,263,145
263:262,283,10
264:244,284,221,399
265:245,266,306,128
266:265,286,204
267:247,287,326,317
268:288,199
269:249,289,383,311
270:250,290,199,14
271:291,389
272:273,181
273:260,272,253,274,31
274:86,273,254,294,87,379
275:302,295,88
276:387,296,120
277:192,297,376
278:258,298,368
279:13,260,38
280:260,300,322
281:261,282,117,286,74,296
282:281,302,146,64
283:202,263,284,387
284:283,264,304,59,166
285:286,138
286:164,285,266,306,281
287:267,288,233,57
288:287,248,268,308,40,91,16
289:160,161,269,290,155,255
290:289,270,291,356
291:90,290,271,311,141
292:43,63,312,363
293:389,294,172,398
294:293,274,295,201,319
295:294,275,296,147
296:154,295,276,297,281
297:60,296,277,298,305
298:297,278,318,218
299:99,319,112
300:280,320,30,162,89
301:321,360
302:282,303,275,103,386
303:302,304,245
304:23,303,284,324,380,390
305:325,370,314,297,58
306:183,265,286,307,57
307:306,327,383,315
308:140,342,288,328,107
309:310,397
310:309,330,322
311:291,312,269
312:311,292,332,126
313:346,331,314,255
314:244,313,334,305
315:335,307
316:336,379
317:106,366,318,267
318:317,298,338,252
319:130,299,339,294
320:300,321,348
321:320,301,341,186,173,156
322:280,323,257,165,310,353
323:322,343,103,237
324:304,325,24,229,357
325:324,305,345,140
326:346,213,267
327:307,347,334,394
328:101,308,348,140
329:330,161
330:329,310,350,388,215
331:351,313
332:312,352,63
333:110,334,140
334:327,333,314,354,370
335:315,336,61
336:335,316,337,114,17
337:146,206,251,336,338,385
338:337,318,358,116
339:319,359,61
340:341,47,360,12,35,359
341:340,321,342,55
342:341,343,308
343:342,323,363,60
344:345,63
345:344,325,365,359
346:326,366,313,50,190,36,358,139
347:327,348,258
348:320,347,328,368,74,359
349:145,350,180
350:349,330,351,187
351:350,331,371,38,391
352:7,332,372,261
353:373,322
354:334,355,240
355:354,356,62
356:290,174,355,376,4
357:27,153,377,324
358:338,359,346
359:345,114,358,339,340,348
360:380,340,301,379
361:362,116,123
362:361,363,189,83
363:362,343,364,30,169,292
364:363,365,172,11
365:242,364,345,366,232
366:365,346,386,317
367:205,368,399
368:367,348,388,60,55,278
369:370,46
370:305,107,369,371,7,253,334
371:167,370,351,391,178
372:224,352,373,88
373:372,353,393,9
374:62,394,174
375:376,125
376:188,375,356,377,100,277
377:376,357,378,380,259
378:42,377,398,199
379:316,360,274
380:360,0,80,304,148,377,399
381:382,113
382:381,383,76
383:382,384,122,307,269
384:383,4,124
385:386,203,337
386:385,366,387,302,212
387:283,386,7,276
388:246,368,8,149,330,194
389:9,293,271
390:391,304
391:390,371,392,351
392:211,391,12,65
393:373,394,226,217,38,198
394:191,393,374,14,327
395:147,15,255
396:2,397,35
397:309,396,398,246
398:85,111,397,378,18,293
399:367,171,252,380,264
