0:20,223,380,387
1:2,307
2:1,3,3,382,218
3:2,2,23,327
4:5,30,44,150,335
5:4,6,98,117
6:5,26,247,128
7:224,27,124,387
8:28,264,388,372
9:29,62
10:283,30,361,390,337
11:12,256,299
12:11,13,18,192
13:12,14,74,393
14:183,225,106,13,34,300
15:16,310,96
16:109,15,17,112,396
17:16,37,107
18:12,38,87,398
19:95,39,355,399
20:0,21,348
21:20,41,317,74,358
22:140,42,177,34
23:141,3,24,147,35
24:23,44,203
25:45,201
26:6,46,103,78
27:323,7,47,363,91
28:245,8,48,274,174
29:9,49,374
30:4,46,10,50,248
31:241,51,166
32:52,309,92,195
33:160,34,343,73,175
34:33,14,54,22,159
35:55,23,239
36:329,56,312
37:100,17,38,194
38:37,18,39,130
39:341,38,19,59,284
40:41,186,326,190
41:40,21,42,306
42:41,22,43,333
43:42,63,131
44:24,45,4
45:44,25,46,267,148
46:45,26,47,30,274,119
47:203,46,27,48,332
48:47,28,68,332,393
49:29,69,196,115,137
50:305,30,70,383
51:31,71,325,259
52:300,32,72,215
53:54,304
54:265,390,53,34,74,197,295
55:35,56,356,98
56:201,55,215,36,76,120
57:58,227
58:173,57,59,69
59:143,58,39,79,346
60:61,69
61:60,62,266
62:61,82,344,9
63:43,64,324,332,296
64:63,65,349,147
65:64,85,206
66:67,187
67:66,68,111
68:67,48,69,276
69:60,68,49,89,106,191,58
70:50,90,286,194
71:228,51,72,308
72:124,71,52,73,93
73:72,93,33
74:127,13,54,94,21
75:343,76,342
76:75,56,77,396
77:76,78,184
78:77,98,26,138
79:59,99,95
80:100,312
81:101,86,238
82:62,102,392
83:101,103,374,205,186
84:121,281,104,385,232
85:65,86,263,185
86:81,85,87,156
87:86,107,130,311,18,118
88:89,258
89:88,69,90,321
90:89,70,110,268
91:92,27
92:91,112,32
93:72,73,94,345
94:93,74,95,105
95:94,214,96,19,79
96:328,95,116,15
97:331,117,306
98:5,292,78,99,55
99:98,79,119,191
100:80,101,37,344,119
101:100,81,102,83
102:101,82,122,238,308
103:83,104,182,363,26
104:103,84,105,195
105:181,104,106,263,112,94,298
106:105,126,14,69,129,314,338
107:87,108,128,17
108:107,109,334
109:108,129,16,291
110:90,111,301
111:123,67,110,112,275
112:111,92,113,105,16
113:112,133,164
114:115,287
115:132,273,114,135,49
116:383,324,369,96,136,170
117:207,97,118,5,399
118:117,138,87
119:99,100,46
120:121,374,56,139
121:120,122,84,351,377
122:121,102,142,266,149
123:143,111,389,317
124:125,72,7,272
125:124,126,129
126:125,106,146,353
127:147,74,179
128:107,129,6
129:125,128,109,130,106
130:87,129,131,294,38
131:180,43,130,151,243,339
132:133,115,374,379
133:270,132,113,153,179
134:135,332
135:229,211,134,115,136,269
136:135,116,137,179
137:136,157,49
138:282,118,158,78
139:197,120,278
140:160,22,348
141:161,23,277
142:122,162,209
143:123,163,59,347
144:164,296
145:165,354,307
146:126,166,272
147:23,127,148,64
148:360,242,147,168,45,233
149:169,122,330
150:170,4
151:131,152,260
152:151,172,394,396
153:266,133,173,162
154:248,174,322
155:175,362
156:86,246,157,370
157:212,156,137,177,335
158:138,178,386
159:306,188,179,34
160:140,161,33
161:160,141,162,298
162:161,142,163,359,153
163:162,143,183,387,252
164:144,184,354,113,395
165:145,185,210
166:146,167,378,31
167:166,168,398,176
168:167,148,188,233
169:261,149,170,288
170:302,169,150,190,293,116
171:172,337
172:171,152,192,393
173:153,174,58
174:260,173,154,194,28
175:234,155,195,33
176:227,196,167
177:22,157,197,235
178:158,179,319
179:133,136,178,159,199,127
180:181,131,352,199
181:180,201,105,385
182:202,305,103
183:163,184,14,253
184:221,183,164,185,264,77,378
185:184,165,205,85,315
186:40,280,187,83
187:66,186,188,203
188:187,168,208,159
189:209,268
190:285,249,170,210,40
191:211,69,99
192:172,212,12
193:213,354
194:174,214,70,37
195:104,310,175,196,32
196:49,195,176,197,274
197:54,196,177,198,139
198:197,218,266
199:179,180,396
200:220,314,219
201:181,221,56,25,391
202:182,203,331
203:202,223,47,24,187
204:322,205,247,206
205:204,185,206,83
206:65,205,226,204,286,230
207:227,117,255
208:188,209,380
209:142,342,208,189,210,230
210:165,209,190,211,230,353
211:210,191,212,135,333
212:303,211,192,232,157
213:193,233,279
214:304,194,234,95
215:368,52,354,216,56
216:340,244,215,217,270
217:216,237,254
218:271,198,219,2
219:237,218,200,286
220:200,221,287
221:220,201,241,184
222:223,228
223:0,222,203,224,253
224:223,225,7
225:224,226,14
226:225,206,246,268
227:207,247,176,57
228:222,229,71,235,278
229:228,249,135,397
230:209,210,231,206
231:230,232,263
232:231,212,233,84,312
233:168,232,213,234,148
234:233,214,254,175
235:255,228,177
236:256,386
237:217,257,219,359
238:102,268,294,258,81
239:259,35
240:241,392,259
241:240,221,242,31,319
242:241,243,148
243:242,244,245,131
244:243,245,216
245:243,244,246,28,327
246:245,226,247,156,256
247:204,6,246,227,248,364
248:247,268,154,30
249:229,250,190,293
250:249,251,329,275
251:250,271,281
252:272,163
253:223,254,183
254:253,234,255,367,217
255:254,235,275,207,316
256:321,11,236,276,246
257:237,258,334
258:88,373,257,238,278,360
259:398,239,240,51
260:261,174,151,279
261:260,281,169
262:263,374
263:262,264,295,85,105,231
264:263,184,265,283,8
265:264,285,54,297
266:61,122,267,153,350,198
267:45,266,287,272
268:226,248,288,238,189,90
269:270,370,135
270:384,269,271,133,216
271:270,251,291,218,279
272:146,267,252,292,124
273:293,115
274:366,28,288,275,46,196
275:111,274,255,295,250
276:68,256,277,361
277:276,297,141
278:258,298,228,139
279:213,260,271
280:300,186,299
281:261,282,84,251
282:281,283,138,325
283:282,284,10,264
284:283,285,315,39
285:284,364,265,305,190
286:306,206,70,219
287:220,267,307,399,114
288:268,289,274,169
289:288,309,335
290:291,361
291:290,271,311,109
292:272,293,98
293:170,292,273,313,249
294:130,295,238
295:361,263,294,275,315,54,336
296:144,334,297,63
297:296,277,298,265
298:161,297,278,318,105
299:280,11
300:280,301,52,14,357
301:300,321,387,110
302:303,170,346
303:302,304,212,356
304:303,305,214,53
305:182,304,285,325,50
306:41,286,307,159,97
307:1,306,287,327,145
308:328,102,71
309:289,329,359,32
310:311,195,313,15
311:349,310,291,331,87
312:80,332,232,36
313:293,314,310
314:200,313,315,106
315:284,314,295,316,185
316:365,315,317,255
317:21,316,318,123
318:355,317,298,319,388
319:178,318,339,241
320:340,328,339
321:301,341,256,89
322:342,204,154
323:343,27
324:63,325,116,345,375
325:324,305,345,282,51
326:327,40
327:3,326,307,328,245
328:320,327,308,348,96
329:309,330,36,250
330:381,329,331,149
331:202,330,311,332,97
332:47,48,331,312,352,63,134
333:42,334,211
334:108,333,354,296,257
335:289,370,355,4,157
336:356,295
337:171,338,10
338:337,358,106
339:319,320,131
340:320,360,216,359
341:321,342,39
342:341,322,343,209,75
343:342,323,344,75,33
344:62,343,345,100
345:362,344,325,365,324,93
346:366,302,59
347:348,143
348:20,347,328,368,140,392
349:64,369,311
350:370,266
351:352,121
352:351,332,353,180
353:126,352,373,210
354:164,145,193,334,374,215
355:386,335,375,318,19
356:55,336,376,303
357:367,377,300
358:338,359,21
359:162,309,358,340,237
360:340,361,148,258
361:360,362,295,10,290,276
362:361,363,345,155
363:362,364,103,27
364:363,384,285,247
365:345,366,316
366:365,346,386,274
367:368,357,254
368:367,348,388,215
369:349,370,116
370:269,369,350,371,335,156
371:370,372,376,376
372:371,392,8
373:380,382,353,374,258
374:120,262,83,29,373,354,394,132
375:355,376,324
376:371,375,356,377,371
377:376,357,397,121
378:166,398,184
379:399,132
380:0,373,208
381:382,330
382:381,2,373
383:384,116,50
384:383,364,385,270
385:84,384,386,181,394
386:385,366,387,355,236,158
387:301,163,386,7,0
388:368,8,394,318
389:390,123
390:389,10,54
391:392,201
392:240,82,391,372,393,348
393:172,392,13,48
394:388,152,374,395,385
395:394,396,164
396:395,76,16,152,199
397:377,398,229
398:167,397,378,18,259
399:287,379,19,117
