0:1,251,173,19
1:0,2,98,381,330
2:1,3,299,242,382,286,53
3:2,23,331,306,319
4:5,138,38
5:4,25,129,305,385
6:26,194,386
7:27,127,387,359
8:263,28,127,388,273
9:10,206
10:9,11,390,150
11:10,31,234,74
12:32,213,338
13:33,239
14:221,253,34,167
15:281,64,292,16,330,395
16:82,391,15,36,26
17:342,37,359
18:38,234,318
19:0,228
20:21,222
21:20,22,340,148,71
22:21,42,196,302,278
23:3,24,374
24:23,25,134
25:24,5,26,189,196
26:25,6,27,264,290,115,16
27:26,7,28,383,55,339
28:324,27,8,29,353
29:207,28,30,72,34
30:62,29,50,341
31:284,11,51,103,216
32:46,12,33,291,132
33:350,32,13,53,253
34:14,35,29
35:348,34,55,154
36:16,37,243
37:36,17,38,304
38:37,18,58,4
39:336,59,46
40:41,69,202,170
41:40,42,328
42:41,22,62,59
43:44,339,86
44:43,64,335
45:46,325,346
46:45,66,32,39
47:48,218
48:186,47,49,306,191,199
49:48,69,366,177
50:30,51,64
51:50,31,52,340
52:340,249,51,53,368,72
53:52,33,73,2
54:74,324
55:107,35,56,27,98,178
56:55,76,291
57:129,77,340
58:172,356,38,78,351
59:42,171,39,79,305
60:61,263,101,106,256,79
61:60,81,386,84,184,287,215
62:42,63,30
63:62,83,164
64:44,84,15,225,50
65:85,380,379
66:46,67,383,174
67:66,87,202,389
68:69,334
69:40,68,49,70,293
70:69,90,306
71:91,21
72:29,92,52
73:105,53,74,386
74:73,54,75,11
75:74,95,342
76:228,130,56,77,97,259
77:76,57,97,152
78:160,157,58,98,142
79:153,154,59,60,210
80:81,282,99
81:80,220,61,82,292
82:81,301,83,16,144
83:82,63,84,198,313
84:83,64,85,61
85:84,65,105,98
86:87,43,291
87:86,67,107,276,393
88:201,108,181,272
89:90,333,371
90:89,70,110,134,271
91:71,111,279,195,295
92:72,112,317
93:388,113,368
94:142,114,372
95:182,75,96,100
96:168,269,95,97,137,276
97:366,76,96,77,98,321
98:1,85,288,97,78,99,55,399
99:98,80,273
100:101,112,294,95,119
101:100,121,60,139
102:103,226
103:102,104,141,31
104:103,124,289
105:124,85,106,73
106:105,107,60
107:321,264,106,87,108,55
108:107,88,128,315
109:129,291
110:90,111,324
111:110,91,112,204
112:100,111,92,113,262
113:112,93,114,228
114:113,94,115,163
115:114,116,26
116:115,136,395
117:240,118,160
118:117,138,351
119:100,246
120:121,356
121:120,260,101,122,338
122:121,123,268,232
123:122,143,252,187
124:104,144,105
125:145,311,231,357
126:127,310,398
127:126,7,128,236,8
128:127,108,148,394,152
129:5,109,149,57
130:150,76,131
131:222,151,130,378
132:133,32
133:132,153,219
134:24,384,90,154,251,197
135:136,264
136:328,135,116,156,353
137:96,157,143
138:4,118,139,311
139:138,159,101
140:141,269,392
141:140,161,192,103
142:162,94,78
143:123,163,263,137
144:124,164,82
145:125,165,189
146:147,344
147:146,167,245,314
148:128,168,21
149:129,169,165,159
150:130,170,10
151:131,171,293
152:363,172,128,77
153:133,173,79
154:280,134,174,79,35,358
155:274,156,217
156:155,275,136,157,399,218
157:209,156,137,158,78
158:194,157,178,170
159:139,179,149
160:161,78,117
161:160,141,181,307
162:142,182,301
163:143,164,298,185,246,370,114
164:63,163,144,165,297,334,394
165:383,164,145,166,337,149
166:165,167,293
167:166,147,168,216,14
168:167,148,169,96
169:168,149,189,305
170:150,190,40,252,158
171:151,191,59
172:152,173,58
173:172,153,193,0
174:154,175,66
175:174,176,334
176:175,177,285
177:176,178,49
178:177,158,179,55,258
179:254,178,159,199,229
180:200,279,199
181:161,182,282,88,250,333
182:181,162,202,95
183:184,187,304
184:183,185,61
185:184,205,163
186:206,48
187:183,207,123
188:189,358
189:25,145,188,169,209,271,369,210
190:303,170,191,268
191:190,171,192,48,376
192:141,345,191,212,388
193:173,194,382
194:6,193,195,158
195:194,196,91
196:22,195,197,25
197:361,196,198,134
198:83,197,199,376
199:198,179,180,48
200:180,201,383,367
201:200,202,88
202:201,182,222,40,67
203:204,259
204:203,224,391,111
205:185,206,341
206:205,186,207,348,9,337
207:206,187,208,29
208:360,207,228,281
209:189,229,157
210:230,189,395,79
211:266,212,282
212:211,192,213,348
213:261,364,12,212,233,377
214:224,365,352,215,364
215:214,216,61
216:167,308,215,217,31,237
217:155,216,237,333
218:47,238,156
219:267,133,239,363
220:240,81
221:241,14,245
222:20,202,223,131
223:222,224,309
224:223,204,244,214,344
225:245,64
226:102,227,302
227:283,226,228,305
228:227,208,248,76,113,19
229:209,249,253,179
230:210,231,317
231:230,232,125,396
232:231,252,122
233:213,253,313,293,236
234:380,11,254,283,18
235:255,282
236:127,237,233
237:236,217,257,216
238:218,258,285
239:13,219,259,299
240:220,241,117
241:240,221,261,285,251
242:243,2,325,373
243:242,244,382,36
244:243,224,264,354
245:225,246,221,386,147
246:245,266,163,119
247:267,317
248:228,268,263
249:229,250,52
250:249,270,181
251:0,252,241,134
252:123,251,232,253,170
253:229,252,33,233,254,14
254:253,234,255,179
255:331,254,235,256,266
256:322,255,257,60
257:256,237,277,287
258:238,278,178
259:203,239,279,76
260:280,121
261:241,281,213,349,298
262:282,362,112
263:60,143,283,8,248,329
264:244,284,107,26,135
265:266,393
266:265,246,267,211,255
267:266,247,268,219
268:122,267,248,288,357,190
269:140,270,96
270:269,250,271,310
271:189,270,291,90
272:292,88
273:274,8,99
274:273,294,155
275:276,156
276:87,275,296,96
277:257,297,373
278:309,258,298,22
279:180,91,259,299,357
280:260,281,154,353
281:280,261,301,15,208
282:80,181,262,302,398,211,235
283:263,303,227,234
284:264,285,31
285:241,343,284,286,366,176,238
286:285,287,2,374
287:286,307,61,257
288:268,308,98
289:104,309,398
290:291,26
291:109,290,271,311,86,32,56
292:81,272,293,15
293:166,69,151,292,313,233
294:274,295,100,335
295:294,296,91
296:390,295,276,297,351
297:164,296,277,298,336
298:163,297,278,318,261
299:2,239,279,319,350
300:320,358,319
301:281,321,82,162
302:282,303,22,226
303:302,283,304,190,326
304:362,303,324,183,37
305:325,5,227,347,169,59
306:326,3,48,70
307:161,287,327,322
308:288,309,216
309:223,308,289,310,278
310:126,309,270,311,357,332,316
311:125,310,291,331,361,138
312:313,336
313:312,233,293,314,83
314:313,315,147
315:108,372,314,316,333
316:351,315,317,310
317:382,247,230,92,316,337,351
318:298,319,18
319:323,318,299,300,3
320:300,340,341
321:301,341,107,97
322:342,256,307
323:324,319
324:323,304,344,28,110,54,354
325:45,305,345,242
326:306,327,303
327:326,307,328,338
328:41,327,348,136
329:349,263,377
330:331,1,15
331:3,330,311,351,255,375
332:352,310
333:89,334,181,315,217
334:68,333,335,164,175
335:44,334,336,294
336:341,312,335,356,39,297
337:165,317,338,206
338:121,327,337,358,12
339:43,359,27
340:320,341,52,21,51,57
341:320,340,321,361,336,205,30
342:322,362,17,75
343:363,285
344:324,345,224,146
345:344,325,346,192,387
346:381,345,347,45
347:346,348,305
348:206,347,328,349,35,212
349:348,329,369,261
350:351,33,299
351:350,331,371,316,296,317,58,118
352:332,372,214
353:28,368,354,280,136
354:244,353,374,324
355:356,360
356:120,355,336,376,58
357:268,310,377,125,279
358:300,188,338,359,154
359:17,358,339,379,7
360:380,208,385,355
361:341,381,197,311
362:262,342,363,304
363:362,343,383,152,219
364:384,213,214
365:385,214
366:285,367,97,49
367:366,368,200
368:367,388,353,52,93
369:349,370,189
370:369,390,163
371:351,391,89
372:352,373,315,94
373:372,374,242,277
374:23,373,354,394,286
375:395,331
376:356,396,191,198
377:213,357,378,329
378:377,379,131
379:378,359,399,65
380:360,381,234,65,399
381:380,361,1,346
382:2,317,243,193
383:200,363,384,165,66,27
384:383,364,385,134
385:384,365,5,360
386:61,6,245,73
387:7,345
388:368,8,93,192
389:390,67
390:389,10,370,391,296
391:204,390,371,392,16
392:391,393,140,397
393:265,392,394,87
394:128,393,374,395,164
395:394,375,15,210,116
396:376,397,231
397:396,398,392
398:282,289,397,399,126
399:156,398,379,380,98
