0:1,278,380
1:0,21,259,84
2:22,113,382,5,69,15,55
3:23,143,383
4:24,289,384,193
5:6,2
6:360,5,26,232,386,99
7:8,115
8:7,28,174
9:10,43
10:304,9,30,234,390
11:31,131,391,253
12:47,32,135
13:14,130
14:182,13,15,379,394
15:185,147,14,16,2
16:15,36,177,396
17:202,18,155
18:17,38,143,398
19:39,53
20:21,88,39
21:20,1,22,283,391
22:21,2,42,208
23:3,43,159,346,317
24:4,25,287,57
25:24,26,227,350,353,376
26:25,6,46,280,298,399
27:28,117,348,369
28:27,8,48,186
29:49,385,310
30:10,31,47,37
31:30,11,51,115
32:12,33,102,215
33:345,32,34,153,198
34:164,33,54,345,299
35:55,157
36:312,16,37,246
37:36,57,30
38:266,18,39,122
39:38,19,20,56
40:41,80,59
41:40,61,359,338
42:22,62,277
43:23,63,73,9
44:64,196
45:46,165,367,359
46:45,26,47,306
47:46,48,12,30
48:47,28,68,159
49:29,50,223,290
50:49,70,396,115
51:31,71,222,112,354
52:72,249
53:73,393,19
54:34,74,295,258
55:133,294,35,56,2
56:55,76,198,39
57:37,58,24
58:113,57,78,295
59:40,236
60:80,329
61:41,62,98
62:61,42,63,166
63:62,43,83,200,72
64:44,84,137
65:66,116
66:65,67,336,328
67:66,68,299
68:67,48,88,224
69:80,70,2
70:69,50,90,302
71:51,91,237,194
72:52,92,63
73:43,171,53,93,240
74:54,75,278,374,237
75:83,74,95,369
76:363,127,56,77,361
77:153,76,78,227
78:77,157,58,79,380
79:325,78,99,107
80:40,60,100,69,377,99
81:82,98,203
82:81,83,92,247
83:82,63,84,75,384
84:83,64,104,1,306
85:140,280,105,173,309
86:106,343
87:107,273,274
88:20,320,68,108,279
89:90,143
90:89,70,91,281
91:90,71,92,319
92:82,347,91,72,112,150
93:73,113,235
94:327,170,95,310,257
95:94,75,115,154
96:97,291
97:129,251,96,117,134
98:61,81,108,118,308
99:79,80,6
100:80,101,265
101:100,121,361,232
102:122,340,370,32,236
103:341,104,160
104:103,84,105,359,135
105:104,85,106,381
106:105,86,107,226
107:106,87,127,253,287,79
108:88,128,98
109:129,396
110:167,130,115,314
111:330,131,199
112:230,92,113,51
113:2,144,112,93,133,58
114:115,125
115:145,7,110,31,114,95,116,50,159
116:65,115,136,334
117:27,211,134,97,118,395
118:117,98,138,226
119:366,139,258
120:121,280,123
121:120,101,141,201
122:102,123,374,176,38
123:122,124,120
124:123,125,212
125:124,126,297,389,352,114
126:125,127,271,156
127:126,107,128,76
128:127,108,129,170
129:128,109,149,97
130:110,131,227,13
131:130,11,111,132,266
132:131,133,364
133:149,132,113,153,55
134:269,349,154,117,97
135:12,136,104,378
136:135,116,137,271
137:64,136,157,142
138:277,118,139,377,139
139:138,119,159,138
140:141,85
141:140,121,161,370
142:143,257,137
143:142,3,163,154,89,18,379
144:145,113,272
145:144,165,115,292
146:166,215,396
147:167,15
148:165,168,295
149:129,150,133
150:166,149,151,199,92
151:150,171,184
152:172,187,279
153:343,33,133,173,77
154:143,134,174,262,95
155:324,175,200,17
156:176,126
157:173,35,137,177,78
158:387,159,343,278
159:23,48,158,139,179,115
160:161,362,103,179
161:160,141,162,255,303
162:161,163,291
163:162,143,164,343
164:163,165,34
165:164,45,145,166,148
166:62,165,146,186,150
167:342,147,168,110
168:167,148,169,200,177
169:168,189,397
170:128,171,94
171:170,151,172,73,254
172:171,152,173,387
173:85,172,153,174,157
174:220,8,173,154,175,367
175:344,174,155,195,319,218
176:156,196,122
177:16,157,178,168
178:177,198,204
179:159,160,226
180:181,322,265,199
181:180,201,374
182:241,183,14,239
183:182,203,185,189
184:283,185,257,151
185:183,184,186,15,334,319
186:185,166,187,210,28
187:186,188,373,152
188:187,208,333,313
189:305,169,209,183
190:191,286
191:190,192,307
192:322,191,212,371
193:194,4
194:193,195,71,395
195:291,194,175,215,279
196:44,176,197,200
197:243,196,217,297
198:56,178,218,33
199:150,111,180,245
200:201,248,63,168,155,196,219
201:200,121,181,202,384,216
202:201,222,17,311,392,355,219
203:183,223,81
204:205,231,275,178
205:204,206,307,357
206:205,207,370
207:206,208,279
208:22,207,188,209,322
209:208,189,229,301,249
210:186,230,393
211:212,117
212:124,211,192,213,231
213:262,212,233,257
214:340,234,332
215:146,195,235,32
216:217,201
217:216,197,237,227
218:226,198,219,175
219:218,200,202
220:240,174,323,239
221:241,272
222:202,223,243,51
223:222,203,224,358,49,256
224:301,223,225,367,68,229
225:224,245,365,397
226:242,106,227,218,118,179
227:25,226,228,378,130,77,217
228:227,229,297,398
229:228,209,230,224
230:229,210,250,112
231:204,307,251,357,212,259
232:6,252,101
233:213,234,398
234:248,10,233,214,254,314
235:93,215,236,350
236:300,321,235,256,102,59
237:71,217,257,74
238:258,315
239:220,182
240:220,241,385,73
241:240,221,261,182,373
242:243,226
243:222,242,244,197
244:243,264,391,385
245:225,246,299,199
246:245,247,285,36
247:246,267,82
248:200,268,234
249:269,209,52
250:364,230,270,281
251:231,252,97
252:251,232,272,337
253:107,273,11
254:234,274,171
255:161,256,375
256:255,236,276,223,339
257:142,184,388,213,237,277,94
258:273,238,278,54,119
259:1,284,286,279,231
260:280,264,308,279
261:241,262,342
262:261,263,213,154
263:262,283,336
264:260,244,284,296
265:100,266,180
266:265,267,38,131
267:266,386,247,268,284
268:267,248,269,380
269:268,249,289,134
270:250,290,341
271:126,272,286,315,136
272:221,271,252,292,144
273:87,253,274,258
274:289,273,254,294,87
275:276,204
276:275,256,277,343
277:42,276,257,297,138
278:0,74,258,298,158
279:207,88,195,259,260,152
280:120,260,281,85,26,299
281:280,282,331,90,250
282:281,302,344,383
283:21,263,284,184
284:283,264,285,259,267
285:284,286,365,246
286:285,306,259,190,271,293
287:24,288,107,316
288:287,308,327
289:4,269,309,274
290:270,310,49
291:162,292,195,96
292:291,272,293,145
293:292,294,286,296
294:293,274,295,55
295:148,54,294,315,340,58
296:264,365,297,293
297:362,125,228,296,197,277,317,389
298:278,299,26
299:381,245,67,351,298,280,34
300:320,236
301:321,224,209
302:282,303,368,70
303:302,304,161
304:303,305,10
305:304,306,189
306:305,46,286,307,84
307:205,306,308,231,191
308:307,288,309,260,335,98
309:308,289,329,85
310:290,311,29,94,394
311:310,331,202
312:332,36
313:390,314,188
314:313,234,315,110
315:314,295,335,271,375,238
316:317,287
317:316,297,318,23
318:317,319,379
319:91,175,318,339,185
320:300,340,88,329,339
321:301,341,236
322:180,342,192,208
323:343,220,333
324:344,155
325:345,79
326:361,327,392,336
327:326,347,94,288,358
328:348,66
329:60,309,349,320
330:350,111
331:281,311,332,335,337
332:331,312,352,361,214
333:188,353,323
334:335,185,116
335:331,334,315,336,308
336:263,66,335,356,326
337:371,252,357,331
338:358,41
339:319,320,256
340:320,360,214,102,295,359
341:321,361,103,270
342:261,322,343,167
343:342,163,323,363,153,86,276,158
344:282,324,345,175,356
345:344,325,346,33,372,34
346:345,366,23
347:327,367,92
348:328,368,27
349:329,369,134
350:330,351,25,235
351:350,352,299
352:368,351,332,353,125
353:352,333,373,25
354:355,51
355:354,375,202
356:336,357,344
357:382,231,356,337,358,205
358:223,357,338,378,327
359:41,104,340,45
360:340,361,6,380,379
361:360,101,341,381,326,332,76
362:160,382,297
363:343,383,76,393
364:384,250,132
365:225,285,366,296
366:365,346,386,119
367:224,347,387,45,174
368:302,348,369,352
369:368,349,389,27,75
370:141,206,371,102
371:370,391,337,192
372:392,345
373:187,353,374,241
374:181,122,373,375,74
375:374,255,355,395,315
376:396,25
377:397,80,138
378:227,358,398,135
379:14,318,360,143
380:0,360,268,78,399
381:361,382,299,105
382:381,362,2,357
383:363,3,282
384:201,364,4,83
385:240,386,244,29
386:385,366,6,267
387:367,388,158,172
388:387,389,257
389:388,369,390,125,297
390:389,10,313
391:244,371,11,21
392:326,372,393,202
393:210,392,53,394,363
394:393,14,310
395:375,396,194,117
396:109,50,395,376,16,146
397:169,377,398,225
398:233,397,378,18,228
399:380,26
