0:20,189,380,155
1:21,395,381,166
2:22,296,347,348,232,76
3:23,257,129
4:162,5,349,384,397
5:260,340,4,6,363,196
6:300,5,26,276,314,137
7:27,287,387
8:226,28,23
9:245,10,70,389,270
10:9,30,238,390
11:128,12,74,272
12:11,13,192,392
13:12,14,354,393
14:13,15,344
15:14,35,230,395
16:181,17,252,396
17:315,16,37,49
18:19,134,398
19:152,18,39,313,79,399
20:0,21,340,183,39
21:20,1,22,248,251
22:21,2,23,291,349,334
23:22,3,24,279,244,8,288,311
24:23,25,97,389,399
25:24,45,104,237
26:6,27,299
27:26,7,47,326
28:283,8,48,46
29:49,223
30:10,31,228,297
31:30,32,351
32:163,90,31,52,204,92
33:53,339
34:52,35,354,236
35:34,15,55,342
36:37,242
37:362,167,371,36,17,38,342
38:37,58,201
39:19,20,255
40:41,322
41:40,61,52
42:43,332
43:42,44,373
44:43,45,120,113
45:44,25,46,310
46:45,66,296,28
47:324,27,67,246
48:346,28,49,268
49:48,29,69,262,17
50:70,181
51:71,102
52:41,32,53,34
53:52,33,54,168
54:53,55,260
55:54,214,35,75,347
56:57,300,59
57:364,56,77,240,117
58:265,38,78,218
59:79,56
60:80,320,61,79
61:41,81,60
62:82,76
63:83,140,173,253
64:84,129,394
65:200,141,66,395
66:65,46,86,227
67:47,68,173
68:67,88,375
69:207,49,70,167
70:9,69,50,90,321
71:51,72,366,138
72:71,92,278
73:147,93,199
74:227,11,75,106
75:74,55,76,132
76:281,62,86,75,96,2
77:252,57,97,316
78:58,98,371
79:59,60,19
80:60,81,338
81:80,61,101,344
82:120,62,83,114,368
83:82,63,84,112
84:83,64,85,248
85:84,86,254
86:160,85,66,87,76
87:86,88,250,376
88:87,68,89,214,188,390
89:367,88,308,109,236,317,198
90:70,91,32,274
91:90,92,398
92:91,72,93,32
93:92,73,113,104
94:242,114,257
95:96,161
96:95,76,97,154
97:24,96,77,98,308
98:201,97,78,118,116
99:110,119,151
100:101,399,380,119
101:100,81,102,178,145
102:101,103,389,187,51,159
103:102,104,348,215,359
104:103,105,390,25,93
105:104,106,124
106:105,107,353,74,339
107:106,127,112,356,358,398
108:383,128,289
109:89,129,115
110:144,111,99
111:110,112,115
112:83,107,111,113,307
113:360,171,112,93,114,44
114:82,113,94,115,399
115:109,111,172,114,135,121,377
116:136,306,98
117:118,57
118:117,98,138,345
119:365,99,100,294
120:140,82,44,139
121:141,140,115
122:142,173,195
123:124,291
124:123,125,137,105,206
125:124,145,305
126:304,127,377,350,316
127:126,107,147,358
128:286,108,129,11
129:64,128,109,149,3
130:284,150,241
131:225,132,150,319
132:131,152,299,75
133:153,259
134:351,135,250,18
135:381,134,115,155,376
136:116,137,269
137:124,136,157,6
138:374,118,158,71
139:120,350
140:120,160,205,121,63
141:121,161,65
142:122,143,376
143:142,163,399
144:145,110
145:144,125,146,101
146:145,147,290
147:146,127,167,73
148:168,233
149:129,169,173
150:130,151,232,131
151:248,150,152,311,99
152:151,331,132,153,19,313
153:152,133,154,204
154:153,174,303,96
155:135,156,0
156:191,155,157,271
157:366,156,137,177,279
158:328,138,178,250
159:332,179,102
160:140,180,86,386
161:141,181,315,95
162:163,4
163:162,143,183,32
164:184,378
165:185,230
166:186,1,177
167:147,187,37,69
168:148,169,242,53
169:168,149,170,374
170:169,171,229,375
171:223,170,191,113
172:192,115
173:122,67,149,193,63,256
174:154,175,356
175:174,176,185
176:175,196,304
177:305,157,178,166
178:101,177,158,179,225
179:178,159,199,336
180:160,181,318,204,218
181:180,161,182,16,50
182:181,183,293,342
183:182,163,184,20
184:240,183,164,204,190
185:165,186,237,175
186:185,166,206,230
187:167,207,102
188:208,88
189:0,263,209,332
190:184,208,210,385
191:171,211,156
192:12,172,193,206
193:192,173,213,258
194:214,347
195:215,122
196:176,216,5
197:198,321
198:293,197,199,89
199:73,198,179,219,355
200:201,65,219
201:200,202,98,38
202:201,203,310
203:202,223,381
204:184,224,180,32,153
205:140,321,225,302,312
206:282,186,226,124,192
207:187,227,69
208:188,209,190,258
209:208,189,229,323
210:190,230,267
211:191,231,263
212:213,275
213:212,193,233,259
214:88,194,215,55
215:214,195,216,103
216:215,196,236,391,257
217:387,235,237,292
218:344,392,58,238,180
219:289,199,200,362
220:221,366
221:220,241,397
222:223,391
223:222,203,224,171,29
224:302,223,204,225,276
225:224,205,226,131,291,373,178
226:225,206,246,8,279
227:382,66,207,247,74,395
228:248,393,30
229:243,306,209,249,306,170
230:165,186,210,250,347,271,15
231:211,232,354
232:264,329,150,231,252,2
233:148,213,234,286
234:261,233,254,355,298,318
235:236,217
236:89,235,216,256,34
237:185,217,238,25
238:10,237,218,258,324
239:259,275
240:241,184,310,57
241:240,221,261,261,130,337
242:262,94,168,36
243:263,229
244:264,23
245:246,9
246:245,226,266,269,47,388
247:227,248,283
248:21,84,247,228,268,151
249:229,269,369
250:87,230,251,255,134,294,158
251:250,252,21,355
252:251,232,253,77,16
253:252,273,63
254:85,234,274,378
255:250,256,328,39
256:255,236,257,173
257:3,94,256,277,216
258:280,341,326,193,238,278,208
259:287,292,133,213,239,279,343,299
260:280,5,54,279
261:241,241,281,234
262:242,282,303,49
263:243,283,189,211
264:244,284,232
265:303,266,58
266:265,246,267,348
267:325,266,268,365,210
268:267,48,248,269,280
269:246,268,249,270,322,136
270:269,290,9
271:272,230,156
272:271,292,11
273:327,253,274,373
274:273,254,294,90
275:212,276,315,239
276:301,224,6,275,277,339
277:276,257,297,390
278:72,258,298,355
279:361,23,336,157,259,260,226
280:260,300,258,268
281:261,301,76
282:262,302,206
283:263,284,28,247
284:283,264,304,130
285:286,393
286:285,287,128,233
287:286,7,307,259
288:308,23
289:108,309,219
290:146,270,310,392
291:22,123,311,225
292:272,293,259,217
293:182,292,313,198
294:274,295,250,119
295:294,296,298
296:2,46,370,295,316,348,378
297:277,317,30
298:295,278,318,234
299:26,132,319,259
300:280,301,6,56
301:300,281,321,276
302:282,303,224,205
303:262,302,304,265,154,396
304:303,284,324,126,384,176
305:125,306,177
306:305,307,229,229,116
307:306,287,308,321,112
308:307,288,309,89,97
309:308,289,329,348
310:202,45,385,290,311,240
311:310,151,291,331,23
312:332,205
313:293,314,152,19
314:330,391,313,315,6,357
315:161,314,275,335,17,379
316:296,336,126,77
317:343,297,337,89
318:180,320,298,338,234
319:299,339,131
320:60,321,318
321:320,301,322,205,307,70,197
322:40,321,342,331,269
323:324,332,209
324:323,304,344,47,238
325:326,267
326:325,327,258,27
327:326,328,273
328:327,348,158,255
329:309,330,232
330:329,331,314
331:322,330,311,351,152
332:42,323,189,312,352,159
333:334,377
334:345,333,354,22
335:315,355,356
336:316,337,279,179
337:393,336,317,357,241
338:80,318,358,347
339:33,276,319,359,106
340:20,341,5,359
341:340,342,258
342:341,322,343,182,35,37
343:342,363,317,259
344:81,324,364,218,369,14
345:365,334,118
346:366,48
347:367,2,230,194,55,338
348:103,266,328,368,2,309,296
349:4,369,22
350:351,126,139
351:350,31,331,371,134
352:332,353,369
353:363,106,352,373,398
354:231,13,34,334,355,390
355:234,354,335,375,251,278,199
356:174,335,376,107
357:337,377,314
358:127,338,378,107
359:339,340,103
360:380,113
361:362,279
362:361,363,37,219
363:362,343,364,353,5
364:363,344,365,57
365:364,345,385,119,267
366:220,346,367,157,71
367:366,347,368,89
368:367,348,388,82
369:249,349,370,344,352
370:369,390,296
371:351,372,37,78
372:371,392,384
373:43,273,353,374,225
374:169,373,375,138
375:68,374,355,395,170
376:142,135,356,377,87
377:126,333,376,357,378,115
378:164,254,377,358,398,296
379:399,315
380:360,0,100
381:1,135,203
382:383,227
383:382,384,108
384:383,4,304,372
385:365,386,310,190
386:385,387,160
387:386,7,217
388:368,389,246
389:102,388,9,24
390:104,370,10,88,354,277
391:222,392,314,216
392:290,391,372,12,218
393:285,228,13,337
394:395,64
395:1,65,394,375,15,227
396:16,303
397:221,398,4
398:91,353,397,378,18,107
399:100,143,114,379,19,24
