0:1,144,380,314,19
1:0,2,202,381
2:1,22,221,382,245
3:4,285,383,304,285,357
4:3,24,201,268
5:25,136,385,250,231
6:26,76,386
7:8,114,387,290
8:302,7,28,80,388
9:10,309,389
10:9,11,156,12,312,396,139
11:10,12,201,391
12:11,32,10,392
13:33,278,393
14:15,209,18
15:14,35,102,395,158
16:61,189,36,106,396
17:44,37,63,397
18:38,14
19:0,60
20:21,62,67
21:20,22,212,274,258
22:21,2,23,219
23:22,24,192,370
24:23,4,25,277
25:24,144,5,45,394
26:6,27,231
27:26,28,224
28:27,8,29,207,178
29:140,161,28,30,316
30:328,29,50,104
31:51,125,33
32:12,52,192,297
33:382,388,309,13,34,31
34:33,35,98
35:240,34,15,36,141
36:35,16,37,140
37:36,17,38,213
38:37,18,58,345
39:59,179
40:60,317,59
41:61,335
42:43,372
43:42,44,159
44:43,64,17,172
45:380,244,25,65,179
46:263,47,296
47:46,67,396
48:68,167,138
49:50,89
50:49,30,51,351,136
51:162,50,31,71,301
52:32,72,369,316
53:54,198,354
54:53,55,78,338
55:287,54,75,310
56:57,213
57:74,56,77,156
58:38,59,391
59:265,294,58,39,40,91
60:40,61,395,19
61:60,41,81,16,248
62:20,63,345
63:81,62,64,73,375,17
64:63,44,65,366,108
65:64,45,85,94,157
66:221,67,125,211,152
67:66,47,87,20
68:282,48,69,90
69:68,70,255
70:69,90,251
71:51,91,211
72:307,90,52,92,356,212
73:63,74,277
74:73,75,57
75:74,55,76,106
76:241,303,6,75,77,351
77:325,76,57,97,310
78:54,79,250
79:389,151,78,99,142
80:100,308,8,99
81:61,82,63,352
82:81,102,191,346,127,335
83:260,84,188,223
84:83,383,104,164,306
85:65,105,323,273
86:106,285,130
87:67,88,126
88:87,89,240
89:88,49,109,245
90:68,70,110,72
91:121,71,111,256,96,59,199
92:182,72,93,236,116,379
93:181,107,350,92,94,231
94:65,93,114,165,174,315
95:96,340
96:326,95,97,91
97:364,96,77,117,350
98:344,34,99,119
99:393,154,98,79,80,334
100:80,120,325,148,119
101:121,204,356
102:82,122,165,15
103:123,383
104:203,84,124,175,30
105:85,125,198
106:86,107,398,75,16
107:225,106,127,93
108:109,64
109:108,89,110,225
110:387,109,90,130,242
111:91,112,398,313
112:111,113,254
113:112,114,225
114:123,186,7,331,113,94,134,179
115:135,230
116:117,92
117:116,97,137,234
118:138,149
119:98,100,329
120:100,140,213,363,190,133,139
121:101,141,91
122:102,142,381
123:103,143,114,376
124:104,125,219,173
125:124,105,126,180,66,366,31
126:125,146,337,87
127:224,107,147,82
128:148,287,308
129:164,130,268
130:129,110,150,86,371
131:132,387,232
132:131,152,374
133:349,153,120
134:193,114,154,271
135:115,136,266,359
136:5,135,156,50
137:191,117,138,234
138:137,197,118,139,48
139:377,138,120,10
140:120,141,29,36,159
141:140,121,161,337,35,276
142:122,162,384,79
143:123,144,349,395
144:0,143,164,25,353
145:165,222
146:126,147,367
147:146,127,167,393
148:128,168,100
149:150,354,118
150:149,130,151,223,372
151:150,171,79,293,214
152:305,132,153,66,318
153:152,133,173,338
154:134,174,99
155:284,175,241
156:10,136,157,374,57
157:374,156,158,65
158:204,157,159,15
159:43,158,140,214
160:161,371,179
161:160,141,162,29
162:161,142,163,51
163:162,164,223
164:163,84,144,184,129,236
165:102,145,185,167,94
166:186,230
167:165,147,187,381,48,252
168:148,169,216
169:168,170,347
170:169,171,258
171:170,151,172,359
172:171,173,44
173:172,153,193,124
174:154,194,94
175:104,229,155,195,337,198
176:177,352
177:176,197,191
178:198,28
179:45,114,39,160,382
180:181,205,125,199
181:180,201,93,253
182:183,92,373
183:182,203,296
184:164,185,377
185:184,165,205,275,218
186:166,187,114
187:323,186,167,207,397,208,390
188:83,189,307
189:188,209,16
190:191,120
191:82,190,192,137,256,177
192:23,329,191,32,193,285,194
193:192,173,213,134
194:174,214,192
195:381,175,196,226
196:195,197,349
197:196,177,198,138
198:105,53,336,197,178,199,175
199:198,180,91
200:220,300,219
201:181,202,253,4,11
202:1,201,203,366,362
203:202,183,204,104
204:101,203,224,158,348
205:180,185,225,317
206:207,381,296
207:324,206,187,208,270,28
208:343,207,228,187,319
209:189,229,314,14
210:211,313
211:210,71,212,66
212:21,211,213,72,277
213:120,212,193,233,311,56,37
214:194,234,151,159
215:235,296
216:168,269,236,343
217:218,232
218:217,219,185,279
219:22,124,218,200,309
220:200,221,277,327
221:220,222,66,2
222:221,223,282,145,234
223:222,163,243,83,150
224:204,225,127,27,391
225:224,205,245,107,109,113
226:227,394,195
227:226,247,301
228:208,248,301,272
229:209,249,175
230:166,231,367,115
231:26,230,232,5,93
232:246,231,233,131,217
233:232,213,234,292
234:233,214,235,222,117,137
235:280,234,215,236,336
236:92,235,216,237,164
237:345,236,238,269
238:237,239,250
239:368,238,259,289
240:241,35,88
241:240,261,76,286,155
242:262,291,110
243:223,244,274,247
244:243,245,45
245:244,225,265,2,89
246:266,232
247:227,267,243
248:228,268,61
249:229,250,382,278
250:249,251,5,78,238
251:70,250,252,284
252:251,253,167,275
253:201,252,254,181
254:112,253,255,301
255:69,254,275,354
256:369,91,257,191
257:256,258,346,337
258:170,257,278,21
259:239,279,392
260:280,83,365,279
261:241,281,280
262:242,263,369
263:262,283,46
264:284,299
265:245,266,59
266:265,246,286,365,135
267:247,268,314,310
268:267,248,269,4,129
269:268,289,216,237
270:207,290,397,334
271:291,323,134
272:292,228
273:367,293,85
274:243,294,21
275:185,255,276,252
276:275,296,141
277:220,24,73,297,212
278:13,258,298,249
279:360,259,260,218
280:260,281,235,261,299
281:280,261,301,353,291
282:222,283,68
283:282,263,284,305
284:283,264,304,155,251
285:3,286,3,86,192,358
286:285,266,306,241,289
287:288,55,128
288:287,308,388,339
289:269,309,286,239
290:270,310,7
291:242,271,311,281
292:272,293,345,233
293:292,273,313,151
294:274,314,59
295:311,315,345
296:183,46,215,276,316,206
297:277,317,32
298:355,278,299,386
299:264,298,280,317
300:200,320,366
301:281,321,337,227,228,51,254
302:322,8
303:304,76
304:303,284,324,3
305:283,306,152
306:322,305,286,326,84
307:308,72,188
308:80,307,288,328,128
309:9,289,310,33,219
310:309,290,311,267,55,77
311:310,291,331,295,213
312:313,10
313:210,312,293,333,111
314:267,209,294,334,0
315:295,335,94
316:29,296,336,52
317:40,205,297,318,359,299
318:317,338,152
319:339,208
320:300,340,322,342,384,339
321:301,322,334
322:320,321,302,342,306
323:343,187,85,271,392
324:304,344,207
325:100,326,77
326:341,325,306,327,96
327:326,328,220
328:327,308,348,30
329:330,192,119
330:329,331,387
331:330,311,351,114
332:352,357
333:313,353,395
334:321,314,354,270,99
335:41,315,355,82
336:235,316,356,198
337:141,301,126,175,338,257
338:153,337,318,339,54
339:338,319,320,288
340:320,341,383,95
341:340,361,326
342:322,343,320
343:342,323,344,208,216
344:343,324,364,98
345:62,365,237,292,295,38
346:347,82,257
347:346,348,379,169
348:347,328,368,204
349:143,369,133,196
350:370,93,97,399
351:386,50,331,371,359,76
352:332,353,81,176
353:281,352,333,354,144
354:149,353,334,374,53,255
355:335,356,298,398
356:72,355,336,357,101
357:332,356,358,3
358:357,397,378,285
359:171,351,317,379,135
360:361,279,379
361:360,341,362,398
362:361,382,202
363:383,120
364:344,365,97
365:364,345,366,260,266
366:300,202,64,365,386,125
367:146,368,273,230
368:367,348,388,239
369:262,349,389,256,52
370:350,371,23
371:160,370,351,372,130
372:42,371,373,150
373:372,393,182
374:132,354,375,157,156
375:374,395,63
376:396,123
377:184,378,139
378:377,358,379,385
379:347,378,359,360,92
380:0,45,399
381:1,195,122,206,167
382:362,2,33,249,179
383:340,103,363,3,84
384:142,385,320
385:384,5,390,378
386:366,6,351,298
387:7,110,330,131
388:288,368,8,33
389:369,9,79
390:385,391,187
391:390,11,224,58
392:12,323,259
393:147,373,13,99
394:25,226,395,396
395:60,333,394,375,15,143
396:47,394,376,16,10
397:187,270,17,358
398:361,106,111,399,355
399:398,380,350
