0:20,234,380,19
1:2,56,381
2:1,3,106,382,34,338
3:2,23,154,383,290,117
4:5,350,384
5:4,6,342,385
6:5,26,364,386,168
7:27,98
8:9,183,388
9:285,8,29,178,389
10:265,30,197,314
11:12,75,375,236
12:263,11,13,250,392,315
13:12,33,65
14:200,15,138
15:46,14,35,184
16:17,346,356,396
17:16,18,134,397
18:204,114,234,17,19,206,398
19:121,64,251,193,275,18,0,334,399
20:0,21,241,124,88
21:20,41,269
22:42,37,27,327,118
23:3,24,54
24:23,44,26
25:26,177
26:24,25,6,46,377
27:7,47,22
28:48,58,388
29:365,9,49,222
30:10,50,103
31:51,81
32:52,166,73,254
33:324,13,53,312
34:85,325,54,2,174
35:186,15,55,75
36:62,71,56,114
37:22,72,38,50
38:37,39,63
39:67,354,276,38,59,279
40:60,238,83,211,272
41:21,61,368
42:22,62,257,336
43:63,215
44:24,45,350
45:44,65,64,90
46:26,66,15,395
47:86,27,67,296
48:28,49,66
49:48,29,50,156
50:49,129,30,70,82,37
51:31,52,169
52:51,32,53,158,119
53:203,52,33,73,58,259
54:241,23,184,34,74,272
55:35,56,316
56:1,55,36,57,165
57:382,56,58,300,359
58:227,28,53,214,57,59,203
59:266,136,58,39,79,151
60:40,80,242,179
61:41,81,396,299
62:42,82,36,149
63:280,43,64,264,243,38
64:63,65,19,45
65:301,64,45,66,358,348,13
66:65,46,67,256,48,292,173
67:66,47,68,39
68:260,67,88,157
69:89,204
70:50,90,89
71:302,91,36
72:144,391,92,37
73:53,74,32
74:386,73,54,94,258
75:11,334,35,76,241,376,238
76:75,77,176
77:240,381,76,78,328,397,98
78:77,98,95,399
79:169,59,99,276
80:60,81,329,224,355,278
81:80,61,101,99,31,374,195
82:62,102,334,147,50
83:321,103,40,95
84:104,137,249
85:181,105,34
86:383,106,47
87:163,88,165
88:87,68,108,20,190
89:69,109,246,70
90:70,110,45
91:267,328,71,111,136
92:141,72,112,206,213,135,116
93:94,288
94:93,233,74,95,331
95:94,96,83,78,139
96:112,152,95,97,105
97:320,96,98,294
98:7,97,78,99,77
99:81,98,79,119,188
100:120,297,119
101:81,102,351,127,131,155
102:101,82,103,351
103:102,83,104,283,30
104:103,84,105,283
105:104,85,125,195,96
106:2,86,107,355,235
107:161,106,108,306,378
108:107,88,128,161
109:89,110,126,398
110:109,189,90,130,125
111:91,112,352,372
112:268,111,92,132,96
113:130,114,114
114:113,113,393,115,18,36
115:183,114,135,251,258
116:313,117,92
117:116,118,3
118:229,117,119,22
119:118,99,100,52
120:100,140,126,225,139
121:122,19
122:121,123,378,172
123:122,124,170
124:123,125,20,293
125:124,105,126,210,110,231
126:120,125,146,296,109
127:128,101
128:185,127,108,129,371
129:128,149,50
130:110,150,113
131:132,101
132:131,112,152,350
133:326,134,153
134:133,154,312,17
135:115,136,92
136:91,154,135,137,59
137:84,136,138,265
138:14,137,158,339,298
139:390,120,95
140:120,160,369,218,159
141:142,92,283,337
142:141,143,146
143:142,163,290,366
144:282,145,72,246,350
145:144,146,345
146:142,145,126,166,196,332
147:167,82,316
148:149,182
149:148,129,150,62
150:149,130,170,383
151:171,380,396,59
152:132,172,96
153:133,173,207
154:3,134,155,136
155:154,175,101
156:322,49,157,360
157:68,171,156,158,368
158:52,157,138,178,274
159:140,160
160:140,180,339,159,179
161:181,107,108
162:182,396
163:143,183,87,175
164:184,213,384
165:166,313,87,194,56
166:165,146,167,369,32
167:166,147,187,309
168:169,6
169:168,189,79,370,51,255
170:123,150,171,343
171:170,151,191,157
172:152,192,122
173:153,193,66
174:175,34
175:361,312,174,155,195,163
176:295,76,177,357
177:25,188,176,197,389
178:9,270,158,198,183
179:306,160,60
180:160,200,189,199
181:161,201,85
182:162,202,257,148,288
183:163,184,115,8,178
184:183,164,185,54,15
185:184,186,128
186:185,206,35
187:167,207,263,377
188:189,177,99
189:180,188,169,209,110
190:210,88
191:171,192,335,317,219
192:191,172,193,209,394
193:192,173,194,19
194:193,195,165
195:105,194,175,215,81
196:146,287,216,379
197:10,177,217,354
198:178,218,333
199:311,392,180,383
200:180,201,14
201:200,181,202,249,379
202:201,182,203,227
203:202,223,53,353,58
204:242,205,18,69
205:222,204,206,311
206:205,186,226,233,92,18
207:187,227,330,153
208:209,372
209:208,189,210,236,192
210:323,125,368,209,190,211,256
211:210,212,40,279
212:211,213,248
213:164,212,233,92
214:387,215,58
215:43,214,195,235,275
216:226,196,217,338
217:216,197,218,267
218:346,217,198,219,140
219:218,239,191
220:240,367,367
221:222,303
222:221,242,205,362,29,331,351
223:203,243,303,335
224:244,80
225:226,120,256
226:225,206,246,216,297
227:202,207,247,58
228:248,309
229:230,118
230:229,250,296
231:251,125
232:233,242
233:206,232,213,234,94
234:0,233,235,18
235:244,234,215,236,106
236:209,235,256,11
237:257,291
238:40,239,75
239:238,219,259,327
240:220,260,77,259
241:20,261,54,247,75
242:60,222,243,204,232
243:242,223,244,63
244:243,224,264,235
245:246,294
246:245,226,266,144,89
247:227,267,241
248:228,268,286,212,357
249:201,250,84
250:249,230,251,331,12
251:345,250,231,271,19,115
252:272,298
253:254,371
254:253,274,32
255:352,256,169
256:340,66,210,255,236,257,225
257:42,182,256,237,258,280
258:74,257,259,115
259:258,239,240,53
260:240,261,68
261:260,241,281,314
262:263,374
263:262,283,12,187
264:63,244,284,283
265:285,10,137
266:246,267,59
267:300,266,247,268,91,217
268:267,248,269,112
269:21,268,270,297
270:269,271,178
271:347,270,251,272,284
272:271,252,292,40,54
273:303,293,285
274:254,275,300,158
275:274,215,295,19
276:277,39,79
277:308,276,278,280
278:277,279,80
279:278,39,299,211
280:300,63,257,277,299
281:261,282,308
282:281,302,144
283:103,263,284,141,104,264
284:283,264,304,353,271
285:265,286,9,273
286:285,306,383,248
287:307,196
288:308,182,93
289:290,395
290:342,143,289,310,3
291:344,311,345,237
292:272,293,66
293:292,273,294,124
294:245,293,314,320,97
295:275,296,176
296:126,47,230,330,295,316,345
297:100,269,298,226
298:252,297,299,138
299:298,279,280,61
300:280,320,267,274,57
301:302,65
302:301,282,303,71
303:221,302,223,304,273
304:303,284,305,351
305:304,306,313
306:305,286,326,179,107
307:287,327,314
308:281,288,328,277
309:167,228,310,340
310:309,290,311,387
311:205,310,291,312,199
312:311,332,175,33,134
313:165,305,333,116
314:261,307,294,334,10
315:316,12
316:55,315,296,317,147
317:316,337,191
318:343,338,379
319:339,349
320:300,340,97,294
321:322,83,364
322:321,323,156
323:322,324,210
324:323,325,33
325:324,345,34
326:306,327,133
327:326,307,347,22,239
328:308,329,91,77
329:80,360,328,349,355
330:207,331,296
331:250,330,332,222,94
332:331,312,352,146
333:313,334,347,198
334:82,385,333,314,354,75,19
335:191,336,223
336:341,335,356,42
337:317,338,141
338:349,216,337,318,358,2
339:160,138,319,359,364
340:320,360,256,309,359
341:342,336
342:341,343,290,5
343:342,363,318,170
344:364,291
345:145,325,346,251,291,296
346:380,345,347,218,16
347:346,327,348,271,333
348:347,368,65
349:329,369,338,319
350:4,44,351,144,132
351:101,102,304,350,352,222
352:111,351,332,372,255
353:284,373,203
354:334,374,39,197
355:106,329,356,80
356:355,336,357,16
357:176,356,358,248
358:65,357,338,359,371
359:358,339,340,57
360:340,380,329,156,379
361:381,175
362:363,222
363:362,343,364,370
364:363,344,365,321,6,339
365:364,366,29
366:365,386,143
367:220,387,220
368:41,348,388,210,157
369:140,166,349,370,379
370:363,369,371,169
371:128,370,391,376,253,358
372:208,352,392,111
373:353,393,382
374:262,354,375,81
375:374,376,11
376:371,375,396,75
377:26,378,187
378:122,377,398,107
379:369,196,318,360,201
380:360,0,346,151
381:361,1,77
382:2,57,373
383:3,86,286,389,150,199
384:4,164
385:5,334
386:366,6,74
387:367,388,214,310
388:387,368,8,28
389:9,383,177
390:391,139
391:390,371,392,72
392:391,372,12,199
393:373,394,114
394:393,395,192
395:289,394,396,46
396:61,162,395,376,16,151
397:17,77
398:378,18,109
399:19,78
