0:1,331,380
1:0,140,21,322,228
2:22,39
3:4,393,248
4:3,5,394,384,368
5:4,25,334,385
6:41,123,26,316,386,90
7:8,378,235
8:7,9,211,332
9:223,8,10,98
10:9,30,341
11:12,29,231,132
12:11,13,154,392
13:122,12,14,208
14:13,34,133,394
15:113,34,16,252,337
16:15,17,258,358
17:381,305,306,16,37,393
18:38,120,398
19:204,39,331,399
20:21,81,44,39
21:20,1,22,61,88,398
22:21,2,23,283,216
23:22,43,56
24:25,273
25:24,5,26,297
26:25,365,6,46,143
27:322,47,122,378,99,119
28:48,287
29:30,294,11
30:308,29,10,50,155
31:51,281,152,233,196,377
32:52,94
33:89,352,53,59
34:207,14,54,15
35:383,107,55,165
36:302,343,37,164
37:311,36,17,57,129
38:242,18,39,211
39:2,38,19,20,311
40:60,142,314,375,137,59
41:42,6
42:41,43,118,169,209
43:42,23,44,75,370
44:43,45,20,250
45:160,44,65,385
46:26,47,214,251,136
47:46,27,48,184
48:47,28,49,348
49:48,50,108,171
50:49,30,51,323,393
51:50,31,71,334,111
52:32,53,379
53:52,33,73,395
54:34,74,375
55:288,92,35,75,367
56:340,23,57,318
57:241,56,37,77,314,357
58:254,59,110
59:33,58,40,173
60:40,61,385,79
61:60,21,62,140
62:61,82,219,222,226
63:83,320,77
64:84,301
65:45,85,121,150,115
66:67,74,148
67:66,87,154,329,98
68:88,340
69:70,133
70:243,69,90,157
71:183,51,91,189
72:92,88
73:224,53,93,148
74:141,85,66,54,75,288
75:43,191,74,55,95,175
76:220,341,96,243
77:376,57,78,63
78:77,98,235
79:60,226,259
80:100,212,188
81:20,82,99
82:81,62,102,373,367,258
83:63,103,148
84:64,85,171
85:181,84,65,105,74
86:87,303
87:86,67,88,284
88:87,307,68,89,21,72,276
89:88,109,33
90:70,91,6
91:280,90,71,92,287,336
92:91,72,112,55
93:227,292,73,94,172,96
94:146,32,93,114,380,356
95:143,75,115,290,278
96:266,272,76,116,93
97:98,112
98:281,9,97,78,118,67
99:81,345,374,119,27
100:80,101,279
101:100,102,142,335
102:101,82,103,207,371
103:102,83,104,288,179
104:103,105,107,109
105:104,85,106,377
106:105,107,151
107:104,106,127,35,133,313
108:321,109,301,49
109:108,89,129,104
110:130,280,58
111:112,51
112:111,92,132,114,97
113:114,15,355
114:112,113,94,134,342
115:95,116,65
116:194,115,96,117,145
117:116,137,340
118:42,125,98,119,234
119:118,99,139,27,359
120:121,254,18
121:120,122,210,65,328,153
122:121,142,13,27
123:124,6
124:202,123,144,181,289,394
125:263,145,118
126:146,260
127:107,128,352
128:261,142,346,127,129,217,134
129:128,109,130,178,37
130:129,249,110,150,337
131:132,364,353
132:247,347,131,112,133,11
133:162,69,132,134,107,14,199
134:133,114,135,128
135:134,234,155,307,156
136:200,269,137,46
137:246,136,117,157,40
138:158,149
139:119,159,367
140:141,1,61,350
141:140,161,74
142:40,101,122,162,128
143:163,95,26
144:124,164,244
145:125,146,286,116
146:203,145,126,147,94
147:380,146,167,345
148:83,168,66,73
149:150,290,138
150:149,130,151,65
151:244,106,150,152,268
152:151,153,31
153:152,154,121,158
154:67,12,153,174,263
155:30,135,175,376,177
156:176,135
157:384,70,137,158,276
158:157,138,159,153
159:189,158,139,179,378,279
160:180,45,175,179
161:141,162,211
162:161,142,163,133
163:180,162,143,164,245
164:163,144,165,265,351,36
165:164,185,378,294,35
166:167,353
167:166,147,168,249
168:167,148,188,338
169:189,42
170:171,227
171:84,170,191,49,236
172:192,282,93
173:300,174,358,59
174:173,154,175,318
175:174,75,155,195,160
176:156,196,251
177:349,197,155
178:208,129,198,180
179:382,333,159,160,103
180:160,181,163,178
181:180,201,85,124,391,257
182:361,183,204
183:182,203,71,315
184:185,314,47
185:184,165,186,328,334
186:185,187,376
187:186,188,258,389
188:187,168,189,80
189:188,169,190,159,71
190:189,309,191,397
191:190,171,192,75
192:191,172,193,266
193:287,369,192,194,319
194:325,193,214,116
195:175,215,311
196:176,197,31
197:196,177,217,316
198:178,199,206
199:214,198,219,133
200:201,136,219
201:200,181,202,367,219
202:201,203,124,232
203:202,183,204,146
204:182,203,224,19
205:206,372
206:205,226,219,392,198
207:102,227,34
208:228,178,271,13
209:229,42
210:121,211,248
211:161,8,210,330,212,396,38
212:80,388,211,213,250
213:212,233,278
214:46,194,234,199
215:195,235,371
216:217,22
217:128,216,197,237,365
218:219,369
219:62,363,206,218,199,200,201
220:240,76,274,239
221:222,225
222:221,242,62,387
223:342,243,9
224:204,225,73,327
225:221,224,245,263
226:206,246,62,79
227:323,207,228,93,170
228:360,227,208,229,1,319
229:228,209,249,269
230:231,292
231:362,230,232,11
232:231,233,202
233:232,213,253,31
234:372,214,235,135,118
235:291,234,215,255,7,78
236:275,256,171
237:217,257,388
238:239,269
239:238,220,326
240:220,241,272
241:240,261,57
242:222,262,38
243:223,244,70,76
244:243,144,264,151
245:163,225,265,300
246:226,266,137,339
247:260,267,132
248:268,3,210
249:167,229,269,130
250:251,44,212
251:250,252,46,176
252:320,251,272,361,15
253:233,254,397,316
254:120,253,255,58,256
255:254,235,256,280
256:255,236,257,254
257:256,296,237,277,181
258:187,16,259,82
259:395,258,279,79
260:261,247,126
261:260,241,281,128
262:242,282,297
263:264,125,225,154
264:263,244,265,328,390
265:164,264,245,266,313
266:265,246,286,96,192
267:247,287,383
268:248,269,314,151
269:268,229,249,270,136,238
270:269,271,289
271:270,291,208
272:240,252,273,96
273:24,272,293,326
274:294,220
275:286,295,236,298
276:296,88,157
277:257,278,304
278:301,310,213,277,298,95
279:100,259,299,159
280:281,91,110,255,299
281:280,261,301,98,31
282:262,302,324,172
283:22,303,298
284:304,290,87
285:286,378
286:145,285,266,287,275
287:286,267,288,193,28,91
288:103,287,308,55,74
289:290,124,270
290:284,149,289,310,346,95
291:271,292,235
292:230,291,293,93
293:292,273,294,398
294:29,293,274,295,165,317
295:294,275,315,333
296:276,316,257
297:262,25,317,317
298:283,278,318,275
299:279,280,355
300:320,173,245
301:281,321,278,64,108
302:282,322,36
303:283,304,391,86
304:303,284,324,367,277
305:306,17
306:305,307,17
307:306,308,88,135
308:307,288,309,30
309:308,329,190
310:290,311,278,338
311:310,331,37,195,39
312:313,317
313:364,265,312,333,107
314:184,268,315,40,57
315:314,295,335,183
316:6,296,336,253,197
317:312,297,297,318,294
318:174,56,317,298,319,331
319:193,318,339,228
320:300,321,252,63
321:320,301,322,108
322:1,321,302,323,27,386
323:322,343,227,50
324:282,304,325,364
325:324,345,194
326:346,371,273,239
327:328,224
328:264,185,327,348,121
329:309,330,67
330:329,331,211,354
331:0,330,311,351,354,318,19
332:352,8
333:313,353,179,295
334:5,51,354,185
335:315,336,101
336:335,316,337,91
337:130,336,338,15
338:168,337,358,310
339:344,319,359,246
340:341,56,68,117,397,359
341:340,342,76,10
342:341,362,223,114
343:323,363,36
344:364,339
345:325,365,99,147
346:326,366,128,290
347:367,132
348:48,328,368,399
349:369,177
350:370,140
351:331,352,164
352:127,351,332,372,33
353:166,333,354,131
354:331,353,334,355,330,399
355:354,356,113,299
356:355,357,94
357:356,377,57
358:173,338,378,16
359:339,340,119
360:361,228,379
361:360,381,182,366,252,379
362:342,382,231
363:343,383,219
364:324,344,365,313,131
365:364,345,385,26,217
366:346,386,361
367:201,304,347,387,82,55,139
368:348,369,4
369:368,349,389,193,218
370:350,390,43
371:326,391,102,215
372:205,352,392,234
373:82,374,393
374:373,375,99
375:54,374,395,40
376:186,155,396,77
377:105,357,378,31
378:165,285,7,377,358,398,27,159
379:52,360,361
380:0,147,385,94
381:361,382,17
382:381,362,383,179,396
383:382,363,384,35,267
384:383,4,157
385:60,45,365,5,380
386:366,6,322
387:367,388,222
388:387,389,212,237
389:388,369,390,187
390:389,370,391,264
391:303,390,371,392,181
392:391,372,12,206
393:3,373,394,50,17
394:4,393,14,124
395:53,375,396,259
396:211,395,376,397,382
397:190,253,396,398,340
398:293,397,378,18,21
399:348,19,354
