0:1,308,240,364,19
1:0,2,31,369
2:1,22,146,383
3:4,273,331,14
4:3,24,378,384,158
5:6,276,385
6:23,5,7,208,151,259
7:320,6,8,43,298
8:7,28,138,388,395
9:101,47,10,283,390
10:9,11,234,50,390,136
11:10,12,345,391,216,137
12:124,169,11,13,102,232,392,76
13:21,12,33,233,393
14:34,3,234,394
15:372,16,128,395,399
16:248,15,375,17,261,396
17:183,16,37,18
18:17,19,320
19:18,0,307
20:21,248,303,244,373,393,39
21:20,22,13,162
22:21,2,42,181,106,306
23:24,6,109
24:23,4,44,368,138
25:304,45,46,33
26:46,66,74,179
27:221,28,268,271
28:380,27,8,29,324
29:141,28,49,363
30:50,46
31:1,226,310,32,178
32:31,33,184
33:227,328,32,13,53,25
34:203,164,14,35,75,357
35:34,55,170
36:263,131,37,47
37:36,17,38,252
38:37,39,141
39:38,20,377
40:41,395,268,59
41:40,61,179,133,353
42:22,43,212
43:42,44,73,7
44:43,24,64,186,333
45:25,65,279
46:25,26,47,122,30,194
47:46,67,9,36,339
48:68,321
49:327,29,50,187
50:49,30,70,10,297
51:225,52,235
52:51,72,211
53:33,73,340
54:120,301,55,344
55:54,35,75,164
56:147,251,76,70
57:58,215,378
58:351,293,57,78,216
59:40,120
60:80,135,200
61:41,81,375,313
62:82,273,153
63:83,251,278,299
64:44,65,247,319
65:161,64,45,85,351,92
66:26,86,360
67:47,87,242
68:48,69,341,377
69:68,89,293
70:50,71,207,56
71:70,91,377
72:87,209,52,92,245
73:43,205,53,74,111,116
74:73,75,26
75:34,74,55,76,262
76:75,56,96,12
77:78,79
78:387,77,58,98,141
79:77,99,188
80:60,81,151,145
81:80,61,82,242,329
82:81,62,102,171,346,132
83:63,103,233,330,253,237
84:85,282
85:84,65,105,281,146
86:66,87,265
87:86,67,88,72,269
88:87,108,381
89:108,69,109,201,279
90:91,360
91:90,71,92,129
92:91,72,112,65,96
93:94,180
94:93,114,284,334
95:115,295
96:102,76,116,92
97:367,117,222
98:78,99,391
99:98,79,119,302
100:101,316
101:100,121,9,228,288,213
102:82,122,96,12
103:83,104,185,150
104:103,124,358,208,350
105:121,85,106,115
106:105,126,22,214
107:127,175
108:88,128,89,156
109:89,110,23
110:109,130,167
111:112,258,73
112:111,92,132,329
113:114,248,336
114:113,94,134,167
115:105,191,95,116,387
116:290,115,96,117,73
117:267,116,97,118,395
118:386,117,138,345
119:99,139,121
120:140,54,59,139
121:101,122,105,119
122:121,102,142,367,46
123:143,280,274
124:104,125,12
125:124,126,268,254
126:125,106,146,231,366,187,130,238
127:107,147,162
128:108,148,206,15
129:149,230,91
130:110,131,126
131:130,151,36
132:112,152,82
133:266,153,41
134:114,154,327
135:60,136,258
136:323,135,156,10
137:144,157,11
138:8,197,118,139,24
139:138,119,120,304
140:120,160,152,159
141:161,29,38,78
142:122,162,271,257
143:123,144,231,307
144:143,163,145,137,188
145:144,146,80
146:2,145,126,147,85,174
147:146,246,127,167,56,314
148:128,168,228
149:282,129,150,175,229,291,294
150:149,170,103,332
151:80,382,131,152,6
152:140,151,132,172,367
153:133,173,62
154:273,134,155,171
155:181,154,156,343
156:265,155,136,176,108
157:137,158,241
158:157,159,4
159:381,158,140,381
160:140,180,332,325,167,179
161:141,181,65,281,341,250,239
162:142,182,21,127,256
163:183,144
164:184,34,55
165:185,296
166:186,392
167:147,168,160,110,114,199
168:167,148,169,347
169:168,189,12
170:150,190,192,35
171:82,172,320,154
172:171,152,173,268,397,379
173:172,153,193,288
174:175,146
175:107,149,174,176,305
176:175,156,196,200
177:335,196,178,344,178
178:361,31,177,198,177
179:41,160,26
180:160,200,277,93
181:161,182,155,22
182:181,162,183,396
183:182,163,203,17,243
184:164,185,367,32
185:103,184,165,205,197
186:44,166,187,265
187:224,186,207,126,49
188:208,144,79
189:169,190,357
190:189,170,210,333,391
191:192,115
192:286,170,191,231,193,282
193:192,173,194,288
194:193,195,46
195:194,196,341
196:195,176,216,177
197:185,198,138,318
198:197,178,218,206
199:202,219,167
200:180,201,60,206,176,277,219
201:200,202,229,89
202:201,222,199
203:183,223,34
204:205,353,317
205:204,185,225,73
206:207,200,128,198
207:206,187,227,375,70
208:6,188,228,104
209:229,72
210:190,211,221
211:210,212,232,52
212:42,211,213,260
213:212,233,101
214:245,305,215,106
215:365,368,214,216,251,57
216:215,196,217,11,58
217:370,216,218,390
218:217,198,238,275
219:199,200,387
220:221,328
221:220,241,27,210
222:202,242,377,285,97
223:340,203,224,268,230
224:223,225,187
225:224,205,245,51,338
226:227,31
227:226,207,228,33
228:360,227,148,208,248,101
229:201,209,230,149
230:129,229,250,223
231:143,126,251,192
232:211,233,12
233:83,232,13,213,234,275
234:10,233,254,14
235:51,255,239
236:342,287,237,276
237:236,257,83
238:218,258,126
239:235,296,259,161
240:260,0,343
241:221,261,283,157
242:81,222,243,303,67
243:242,244,183
244:243,245,20
245:302,244,225,265,214,72
246:247,147
247:64,246,248,333
248:20,247,228,268,16,113
249:250,370
250:249,230,251,161
251:63,250,231,271,56,215
252:272,297,37
253:254,83
254:253,234,274,125
255:235,275,265
256:276,162
257:237,277,142
258:111,135,238,259,284
259:258,239,279,6
260:240,280,275,212,394
261:241,262,276,16
262:261,263,267,75
263:262,264,36
264:263,284,372
265:245,285,156,86,186,255
266:286,133
267:262,268,117
268:223,125,27,267,248,288,40,172
269:270,87
270:269,271,388,359
271:142,270,251,272,27
272:271,252,273,354
273:62,3,272,293,154
274:254,294,123
275:260,322,233,255,295,379,218
276:261,5,236,256,296,280
277:180,257,278,200
278:316,277,279,63
279:45,278,259,299,89
280:260,281,326,123,276,299
281:280,282,161,85
282:281,283,149,84,284,192
283:241,282,303,356,9
284:264,304,282,94,258
285:265,286,222
286:285,266,287,192,355
287:286,307,236
288:268,289,101,173,193
289:288,290,330
290:289,291,116
291:290,311,149
292:312,331
293:344,69,273,294,58
294:293,274,295,149
295:389,294,95,275,296,325
296:165,295,276,297,239
297:252,296,317,50
298:300,318,7
299:312,279,280,63
300:301,298,345,347,319
301:300,321,54
302:322,245,99
303:242,283,323,20
304:284,305,25,315,139
305:304,306,214,392,175
306:305,307,22
307:306,287,308,143,371,19
308:0,307,328,366
309:310,349
310:309,330,31,337
311:291,312,337
312:311,292,313,299
313:312,314,61
314:313,315,147
315:388,314,335,304
316:100,317,278
317:316,297,318,204
318:317,298,319,197
319:318,300,64
320:340,7,171,18,339
321:301,322,390,48
322:321,302,323,275
323:322,303,324,136
324:323,325,365,28
325:324,345,160,354,295
326:280,363,327,379
327:326,347,49,134
328:220,308,348,33
329:330,81,112
330:289,329,310,331,83
331:348,330,332,3,292
332:160,331,352,150
333:247,190,334,44
334:333,335,94
335:334,315,355,177
336:337,113
337:311,336,338,310
338:337,358,225
339:320,47
340:320,341,223,352,53,359
341:340,361,161,68,195
342:362,236
343:344,240,155
344:343,345,293,54,177
345:344,325,346,300,11,118
346:384,345,366,82
347:327,367,300,168
348:328,368,331
349:309,350,360
350:349,370,104
351:65,371,58
352:332,353,340
353:204,352,373,41
354:272,374,325
355:335,375,286
356:283,357,373
357:189,356,377,34
358:104,374,338,359,363
359:358,340,270
360:361,228,66,349,90
361:360,341,381,178
362:342,382,385,376
363:364,326,29,358
364:363,365,0
365:324,364,366,215
366:365,346,367,126,308
367:122,184,366,347,368,97,152
368:24,367,348,369,215
369:368,389,1
370:249,350,371,217,396
371:370,351,391,307
372:264,392,15
373:353,393,20,356
374:354,375,358
375:61,207,374,355,376,16
376:375,377,362
377:222,71,376,357,397,68,39
378:4,398,57
379:326,275,398,399,172
380:381,28,399
381:380,361,382,159,88,159
382:381,362,383,151
383:382,384,2
384:383,4,346
385:362,5,386
386:385,387,118
387:386,388,78,115,219
388:387,8,315,270
389:369,390,295
390:321,389,10,9,217
391:371,11,190,98
392:166,372,12,305
393:373,13,20
394:14,260
395:40,15,8,117
396:182,16,370
397:377,398,172
398:397,378,399,379
399:398,379,380,15
