0:20,50,129,169,19
1:2,393,381,110,19
2:1,22,172,209
3:4,107,77
4:3,5,64,384,91,171
5:4,6,176
6:5,26,347,386,153
7:8,135,387,228,192
8:7,9,190,378
9:62,8,29,204,395,198
10:11,385,390
11:10,31,92,59
12:32,43,392
13:27,227,14,287,393,177,339
14:101,13,15,364,394
15:283,14,16,167,315,395
16:243,344,188,15,17,200,396
17:104,172,232,16,37,39
18:81,19,81
19:111,18,0,1,399
20:0,21,171,39
21:20,41,72
22:2,23,261,95
23:22,43,175,84,390
24:44,266
25:26,54,185
26:25,6,46,283,398
27:122,28,13
28:27,29,267,73
29:28,9,49,372,31
30:50,227
31:361,11,32,29
32:31,12,52,186,78
33:34,229,353
34:33,54,264
35:251,55,370
36:56,130
37:124,17,38,395
38:121,37,58,272
39:17,20,183
40:60,310
41:21,61,102,238
42:62,137
43:23,63,266,12
44:24,45,364,389
45:44,65,333
46:26,47,339
47:46,67,82,393
48:383,49,219
49:48,29,69,207
50:0,30,51,391
51:50,71,293
52:368,32,53,173,273,56,319
53:52,54,310,76,336
54:25,53,34,74,329
55:304,35,56,286,158
56:55,36,57,52
57:381,274,56,156,58,391
58:210,154,57,38,59,361
59:362,113,58,79,11
60:40,61,287,147,79
61:60,41,62,250,373,138
62:61,42,63,9,117
63:62,43,64,136
64:63,4,84,77
65:45,66,121
66:65,165,67,100,86
67:66,47,87,292
68:306,69,300,168
69:68,49,89,243
70:71,345
71:70,51,91,145
72:21,310,73,368
73:72,74,28,377
74:73,54,94,319
75:151,76,387
76:126,75,96,53
77:380,64,97,3
78:191,79,32
79:133,78,59,60,173
80:100,183,301,335
81:101,18,145,18
82:241,102,280,47
83:103,90
84:360,64,85,23,244,318
85:84,86,292
86:85,105,87,66
87:86,67,107,348,247,128,248
88:89,158
89:88,69,109,102
90:83,345,91,107,211
91:90,71,111,4
92:208,11,93,394
93:92,94,152
94:200,93,74,95,172,219
95:293,94,115,22
96:186,268,76,116,134
97:102,354,77,117,287
98:99,104
99:123,98,119,391
100:80,120,244,66,119
101:81,121,14
102:41,82,122,97,89
103:83,123,330,276
104:105,17,175,98
105:221,104,125,86
106:126,292
107:3,87,127,337,90,270,114
108:128,248
109:89,110,344
110:109,111,1,155,317
111:110,91,131,19
112:113,224
113:112,114,59
114:225,292,113,134,107,118
115:305,95,135,391
116:96,117,314
117:116,97,137,62
118:119,114
119:118,99,100,373
120:100,121,122,139
121:120,101,141,38,65
122:120,102,142,27
123:103,143,99
124:144,37,307
125:105,145,159,246
126:106,146,76,309
127:107,147,303
128:108,148,87
129:130,0,334
130:129,150,276,36
131:111,132,158
132:131,133,252,139
133:132,153,79
134:114,154,249,96
135:7,115,136,238
136:63,135,137,182
137:42,136,117,157,311
138:158,61
139:206,120,132
140:160,229,159
141:121,142,301,297
142:141,122,162,301
143:123,144,244
144:143,124,164,202
145:163,125,165,81,71
146:126,147,309
147:281,146,127,167,60
148:128,149,330,399
149:148,169,208
150:130,170,225
151:171,75,331
152:153,316,93,357
153:152,133,154,6
154:153,134,174,58
155:156,110
156:181,155,176,57
157:137,158,339
158:386,88,131,157,138,178,55
159:125,277,140,339
160:140,180,217,170,179
161:181,278,224,215
162:142,163,215
163:162,183,145
164:144,184,338,352
165:262,145,185,66
166:167,358
167:166,147,168,375,15
168:167,188,68,218
169:149,170,0,333
170:282,169,150,171,160
171:20,170,151,191,4
172:2,173,17,94
173:52,172,193,395,79
174:154,175,394,197
175:23,174,195,104
176:5,156,177,287
177:176,197,13
178:158,198,257
179:347,160,205
180:160,181,183,285
181:180,161,182,156,223
182:181,183,269,136
183:80,180,182,163,203,248,351,39
184:164,204,261
185:165,186,25
186:185,187,96,32
187:186,207,369
188:324,168,208,16
189:260,209,238
190:8,210,361
191:220,171,192,78
192:191,193,7
193:342,192,173,213,290
194:214,335
195:207,175,196,336
196:195,216,264
197:177,217,174
198:234,178,218,9
199:219,307
200:220,94,16,219,299
201:221,311
202:222,343,242,144
203:183,223,235
204:184,224,394,384,9,231
205:206,278,179
206:205,207,139
207:206,187,227,195,49,237
208:188,209,92,149
209:240,208,189,210,2,359
210:209,190,211,58,239
211:210,212,90
212:211,213,282
213:212,193,214,230
214:213,194,215,297,217
215:162,214,216,161
216:215,196,236,399
217:160,197,237,214
218:198,238,168
219:48,233,199,200,94
220:200,221,191,372
221:220,201,241,105
222:202,242,347
223:203,243,181
224:204,225,161,112
225:224,245,114,150,272
226:227,247,257
227:323,226,207,228,13,30
228:227,229,7
229:140,263,287,228,249,359,33
230:364,250,241,213
231:232,204,338
232:231,233,17
233:329,232,253,219
234:330,235,198
235:203,234,236,322
236:290,235,216,256,383
237:295,217,257,207
238:261,189,135,218,258,41
239:303,259,210
240:241,209
241:240,221,261,82,230
242:222,243,202,266
243:242,223,244,16,69
244:100,143,243,264,84,356
245:225,265,353,385
246:266,125
247:226,248,87
248:183,247,108,249,87
249:248,229,269,395,134
250:61,230,251,267,275
251:250,252,35
252:327,251,132,253,320,376
253:252,233,254,370
254:253,274,298
255:275,300
256:236,257,332
257:256,237,277,226,178
258:370,238,278,295
259:239,279,294
260:261,189,278
261:260,241,262,238,22,184
262:261,282,165
263:320,283,229
264:244,284,343,291,371,34,196
265:382,245,266,369
266:340,43,24,265,246,267,242,288,375
267:266,287,394,28,250
268:269,96,374
269:182,268,249,270,330
270:269,290,107
271:308,291,342
272:273,225,38
273:272,274,52
274:273,254,294,57
275:255,295,250
276:130,277,103
277:276,257,278,159
278:161,302,205,277,258,298,260
279:259,299,329
280:300,347,82
281:301,147,326
282:262,302,170,212
283:263,284,15,26
284:283,264,285,396
285:284,286,180
286:285,287,390,311,55
287:60,286,267,288,229,13,176,97
288:287,289,266
289:288,309,333
290:270,291,236,193,358
291:290,271,311,264
292:85,106,67,293,114
293:51,292,294,95
294:293,274,295,389,259
295:294,275,315,237,258
296:316,385
297:363,214,317,141
298:254,278,299,367
299:298,279,319,200
300:280,301,394,68,255
301:300,141,281,321,80,142
302:282,322,278
303:304,239,127
304:303,305,55
305:304,325,115,328,394
306:326,68
307:308,124,199
308:307,328,271
309:146,387,289,310,126
310:40,309,330,72,53,397
311:201,291,312,286,137
312:311,332,354
313:367,314,329
314:343,366,313,334,395,355,116
315:295,316,15
316:152,315,296,336,353
317:297,318,110
318:317,319,84
319:74,318,299,339,52
320:321,263,252,339
321:320,301,322,382
322:321,302,323,362,235
323:322,324,227
324:323,325,188
325:324,305,345,353
326:306,327,281
327:326,328,252
328:327,308,329,305
329:346,328,349,233,313,54,279
330:103,148,269,310,331,234
331:330,351,151
332:312,352,361,256
333:45,289,353,169
334:314,354,129
335:194,336,80
336:195,335,316,337,53
337:107,336,338,385
338:164,337,339,231
339:46,157,338,159,319,320,13
340:360,266,359
341:361,375
342:343,193,365,271
343:202,342,363,314,264
344:345,16,109
345:344,325,346,90,70
346:345,347,329
347:280,222,6,346,367,179,391
348:87,349,370
349:348,329,369,372
350:351,359
351:350,331,371,183
352:332,353,164
353:245,325,352,333,354,33,316
354:312,353,334,374,97
355:356,314
356:355,357,244,379
357:356,377,152
358:166,359,290
359:229,350,358,340,209
360:340,380,84
361:341,362,31,190,332,58
362:361,322,382,59
363:343,364,297
364:363,44,365,230,14
365:364,366,342
366:365,386,314
367:347,387,313,369,298
368:369,52,72
369:265,187,368,349,389,367
370:348,390,258,253,35
371:351,391,264
372:29,349,373,220
373:372,393,61,119
374:354,375,268
375:341,167,374,376,266
376:375,377,252
377:376,357,378,73
378:377,379,8
379:378,399,356
380:360,381,77
381:380,1,57
382:321,362,383,265
383:382,384,48,236
384:383,4,204
385:386,245,10,296,337
386:385,366,6,158
387:367,7,309,392,75
388:389,398
389:388,369,390,44,294
390:286,389,370,10,23
391:50,371,392,347,115,57,99
392:391,12,387
393:1,373,13,47
394:300,204,267,92,174,14,305
395:249,173,314,15,9,37
396:284,16,398
397:398,310
398:388,396,397,399,26
399:216,398,379,19,148
