175 24504
756 445
581 809
219 521
446 59
393 171
952 298
730 21
244 200
602 319
442 872
349 769
288 776
899 713
326 143
634 725
17 852
376 90
58 215
69 692
52 524
716 481
327 910
953 269
566 971
845 399
378 472
79 814
378 948
563 365
426 409
553 776
899 230
819 260
974 226
139 794
484 800
561 837
234 301
353 831
959 280
980 515
622 593
812 789
624 407
798 489
88 179
463 228
104 596
467 949
651 964
877 557
640 622
629 915
458 186
888 772
47 113
440 464
173 976
129 422
279 15
335 517
167 883
673 938
683 335
28 592
828 755
404 435
206 879
100 775
715 77
558 834
459 900
161 193
167 863
97 846
385 283
327 936
603 473
839 803
361 692
907 322
486 808
933 281
588 967
377 870
840 583
370 984
83 930
715 164
114 551
661 25
521 592
213 696
668 581
871 480
750 839
176 134
444 1000
250 384
551 672
921 23
810 369
277 802
257 465
267 650
22 923
50 598
978 124
330 949
511 259
826 930
259 752
442 116
382 145
370 797
263 988
901 307
879 131
52 35
915 426
714 730
42 502
702 323
248 276
634 161
360 778
936 231
11 136
778 300
808 964
390 987
511 115
241 263
913 646
706 345
602 524
963 857
295 44
139 245
597 542
489 456
927 808
750 639
382 924
355 455
787 6
993 835
427 250
241 677
673 69
212 673
378 846
117 418
878 999
835 452
504 128
485 169
562 565
911 473
709 164
738 502
55 256
978 806
181 704
827 119
719 220
484 647
809 824
229 802
453 161
736 19
319 172
755 997
95 517
658 866
