155 10952
624 356
352 907
948 385
432 755
852 42
211 246
72 553
707 601
267 387
101 944
47 366
897 28
479 587
669 409
406 711
826 309
640 585
472 695
127 179
1000 506
575 153
416 475
257 261
910 182
293 471
694 922
338 201
264 795
752 613
592 769
847 892
140 465
79 588
122 130
928 863
102 674
472 566
888 301
863 160
777 522
718 258
908 783
623 446
455 975
971 790
558 802
824 556
451 271
983 357
104 120
284 191
594 921
806 123
142 906
970 118
799 479
601 702
545 990
816 380
258 113
87 824
917 179
204 989
876 269
831 319
217 505
640 748
868 747
531 967
600 379
564 865
888 940
914 670
670 968
716 539
739 291
642 713
300 96
740 115
477 928
506 471
119 662
872 385
528 913
81 916
312 204
690 239
591 734
547 531
338 946
615 247
960 167
235 910
949 538
265 668
760 88
109 42
389 300
542 524
549 528
993 15
309 486
786 575
198 358
196 457
686 936
400 132
601 443
507 655
397 779
750 185
94 590
483 887
792 235
334 884
466 695
411 609
572 765
348 262
141 134
633 929
962 802
153 325
86 56
131 97
496 800
557 35
945 924
606 909
174 335
378 18
771 440
907 626
219 962
676 278
407 20
892 320
935 101
407 476
658 826
117 847
78 956
274 753
161 77
948 365
446 407
795 390
360 454
556 309
469 392
915 206
322 43
863 531
145 962
223 627
