155 15017
111 363
759 696
288 637
304 65
961 822
660 510
613 541
899 530
861 647
399 268
501 743
263 732
358 777
739 766
734 948
909 17
336 336
218 690
870 557
542 630
840 437
150 146
167 510
161 90
213 65
164 987
418 619
433 676
917 791
115 99
99 384
23 816
606 650
360 227
423 942
195 155
472 441
177 141
960 769
471 855
244 266
760 826
132 432
882 584
454 28
52 162
298 578
793 885
782 65
248 152
537 33
201 928
223 199
782 162
373 500
78 243
286 657
524 362
916 850
856 74
569 511
649 153
944 211
592 210
492 339
787 553
878 389
930 806
17 926
898 575
998 480
826 144
975 664
2 275
185 457
821 695
968 225
456 768
939 167
11 367
390 635
878 812
197 953
628 727
853 35
580 194
936 920
329 989
841 491
268 158
494 43
928 936
675 26
148 960
516 422
64 413
75 422
959 848
998 23
554 455
910 339
420 756
479 791
399 731
166 920
847 762
955 149
590 47
334 846
578 245
149 864
750 260
151 128
540 708
68 176
788 630
942 617
799 488
565 636
157 646
93 702
241 427
753 172
19 82
147 213
429 728
411 582
510 71
916 445
50 198
85 283
509 852
931 824
131 106
669 944
831 671
153 653
426 458
241 684
555 751
424 848
363 730
125 220
605 945
598 175
995 521
951 931
78 799
364 525
271 819
810 583
93 164
648 137
271 245
934 261
