150 13318
663 245
798 884
96 997
939 177
740 992
202 436
482 20
783 574
455 974
828 313
727 334
793 60
977 830
116 34
278 117
768 33
624 616
259 764
717 946
259 625
422 401
284 175
889 882
425 901
259 119
192 387
592 606
834 926
879 517
278 411
563 179
969 307
448 412
840 444
809 678
954 575
952 721
941 764
118 466
605 158
168 474
982 104
744 883
641 379
852 390
319 269
790 2
177 327
826 53
386 583
422 754
371 173
845 178
926 864
763 757
105 509
676 103
316 822
501 321
745 716
937 934
930 241
83 109
904 19
336 167
979 167
134 644
288 2
376 700
756 939
139 868
952 671
803 130
212 478
191 282
560 350
759 71
976 422
284 856
358 211
370 799
162 118
265 478
999 250
879 768
871 203
99 385
720 472
976 315
602 487
998 444
846 240
87 606
916 592
859 210
790 655
51 356
997 414
136 531
730 892
438 121
680 636
69 679
169 155
142 953
582 144
721 299
363 289
532 951
122 434
637 198
853 103
325 76
386 286
295 978
709 174
26 310
59 20
310 188
341 127
507 771
453 169
701 896
562 499
243 487
415 844
590 938
732 606
920 387
255 546
724 467
956 769
588 511
187 54
180 832
719 279
877 667
901 985
324 692
556 693
174 394
402 395
939 252
536 38
36 34
815 961
512 779
293 819
67 586
350 552
