プログラミングII 第12回レポート
学籍番号：36714121
氏名：堀航輔

☆提出ファイル
-12th
  -challenge
    -Challenge.java
    -Makefile
    -station.txt
  -kadai123
    -graph/
    -output/
    -BFSTester.java
    -BFSTree.java
    -DFSTester.java
    -DFSTree.java
    -Graph.java
    -GraphTester.java
    -kadai1.sh
    -kadai2.sh
    -kadai3.sh
    -Makefile
  -Explain.txt
  -Makefile
  -MakeFile.sample
  -makezip.sh

☆プログラムの説明と使い方など
課題1:テキストファイルからグラフを作成する。
　　Makefileなどを利用することで自動化されている。
課題2:最短経路探索を行う。
　　最短経路の長さや道筋を示す機能がある。
課題3:深さ優先木の作成を行う。
　　経路と経路長を求めるようにした。
(出力結果)
graph005.txtの経路と経路長:
BFS Tree: root = 0
20,2,209,4,171,4,26,192,9,198,385,10,32,339,15,395,15,172,19,111,39,20,2,84,266,185,25,13,73,9,50,361,78,353,33,55,56,38,272,183,310,238,137,266,389,65,339,67,219,69,391,293,53,310,329,286,55,58,38,58,79,41,9,136,4,66,67,292,69,89,345,91,310,72,94,76,53,380,79,133,183,145,102,103,318,292,87,67,89,102,91,4,394,94,172,94,76,117,99,391,119,81,41,330,105,221,292,87,248,89,111,91,113,59,225,305,96,116,119,99,100,38,102,99,307,105,76,147,87,0,150,111,252,153,96,238,137,117,61,120,229,301,301,144,124,125,147,60,399,148,150,171,316,6,58,156,181,339,178,339,179,215,142,183,144,145,358,15,188,149,150,20,2,395,197,174,177,13,257,205,183,161,183,248,261,165,96,369,324,209,361,171,193,342,214,207,195,177,178,219,94,311,144,183,9,206,207,49,209,359,58,212,213,214,215,162,399,197,198,94,372,220,202,181,225,150,257,13,229,33,364,338,231,219,198,322,256,257,258,303,209,221,202,242,264,225,266,87,87,395,230,252,376,252,298,275,332,256,370,279,261,238,165,229,196,266,242,266,96,330,290,342,225,272,294,250,103,257,298,329,82,147,212,15,264,286,311,229,266,309,193,311,293,294,389,315,316,214,299,279,394,281,282,127,305,394,326,199,307,310,330,137,332,329,395,15,315,297,317,339,252,320,302,322,323,353,281,252,305,328,148,330,361,353,129,194,316,385,339,320,359,361,365,202,109,344,329,367,87,329,359,183,332,316,353,356,244,356,359,229,84,58,361,297,363,364,365,298,369,367,35,264,373,119,375,266,375,376,379,399,360,380,383,384,4,386,6,367,389,369,389,371,391,13,174,9,284,310,399,19
DFS Tree: root = 150
Shortest Path 150 -> 250
150->225->272->38->58->361->332->256->257->178->198->9->395->15->315->316->353->33->229->359->209->2->172->94->219->199->307->124->144->202->242->266->375->376->252->320->339->13->177->197->174->394->305->328->329->279->299->298->367->369->389->294->293->292->67->87->248->183->39->20->171->4->91->111->19->399->148->330->310->53->76->96->116->117->137->311->286->55->35->370->258->238->41->102->89->69->49->207->195->196->264->371->391->99->119->373->372->220->221->105->125->145->165->185->25->26->6->153->133->79->60->147->281->301->142->162->215->214->297->363->364->230->250
Path Length:122

graph015.txtの経路と経路長:
BFS Tree: root = 0
19,2,325,23,121,85,386,6,9,389,11,31,126,219,15,309,15,58,19,180,307,41,2,43,59,206,312,134,29,9,50,85,255,53,30,55,205,378,58,59,283,92,41,44,24,311,352,27,68,69,51,52,293,85,382,71,36,37,228,79,312,231,82,83,84,66,243,68,275,68,71,41,73,36,73,55,395,57,58,174,100,82,192,82,83,84,11,81,108,69,89,71,279,113,74,75,76,96,78,0,179,379,122,296,219,298,126,108,399,233,111,330,92,133,115,335,136,300,119,100,100,214,121,395,289,126,127,321,108,55,119,130,133,171,133,136,379,136,158,159,396,58,65,116,143,39,279,293,382,51,150,171,153,393,314,348,96,156,187,56,161,162,142,164,225,145,2,187,169,149,150,9,171,153,259,174,180,223,179,15,314,201,162,255,373,298,187,391,187,209,263,192,235,192,195,240,197,177,101,179,180,37,201,39,15,225,207,332,2,208,289,212,106,212,213,235,58,197,361,218,228,102,221,74,225,226,364,156,302,209,231,289,382,29,235,255,237,217,223,47,259,259,222,242,245,23,247,59,228,393,377,250,232,254,266,78,228,237,113,258,279,250,263,243,263,11,6,75,288,289,169,2,361,377,41,266,296,278,232,278,113,89,302,266,285,266,256,376,289,201,289,292,143,292,49,275,43,298,156,298,237,174,108,302,305,384,208,262,117,209,311,250,311,312,312,314,296,316,319,158,300,337,323,332,325,75,327,307,308,309,350,332,352,237,354,355,356,357,358,319,82,321,11,221,364,325,344,231,368,240,349,371,149,373,316,354,355,356,319,339,380,390,361,362,89,373,367,368,263,389,237,308,373,298,373,373,375,376,398,359,0,382,150,382,4,103,230,100,389,323,222,371,391,13,395,396,130,377,11,380
DFS Tree: root = 150
Shortest Path 150 -> 250
150->382->232->278->279->92->41->71->55->75->325->2->208->209->309->15->179->100->119->130->396->395->76->96->156->298->373->375->376->377->250
Path Length:30

graph025.txtの経路と経路長:
BFS Tree: root = 0
1,298,3,382,3,251,5,92,9,347,9,391,11,33,34,395,15,16,19,328,68,16,328,43,4,9,35,47,312,43,31,32,208,65,310,113,35,38,278,19,20,21,41,166,43,25,26,31,68,239,51,230,54,73,34,54,76,326,38,39,79,60,42,207,65,235,65,68,377,49,57,72,73,388,73,334,75,78,282,78,191,135,62,368,178,84,85,316,68,90,82,92,150,349,93,353,76,153,124,119,60,328,227,380,54,339,11,208,109,26,109,110,92,155,113,99,234,97,223,395,229,398,34,15,123,310,346,41,298,130,93,130,152,50,133,155,17,396,139,259,269,121,162,185,143,144,166,266,85,150,150,150,172,340,155,175,157,92,157,158,260,162,217,162,54,185,352,147,265,170,130,191,170,172,354,174,312,282,361,178,264,229,202,184,204,49,166,188,39,392,170,38,191,213,168,175,176,217,199,5,181,181,184,204,57,157,138,227,188,229,291,212,367,212,213,216,43,216,217,33,239,201,223,162,225,339,358,358,208,109,229,232,370,234,85,73,235,257,200,219,259,240,241,223,132,225,84,227,268,269,251,271,232,273,234,256,257,36,278,396,280,260,282,264,76,250,265,268,232,268,271,272,273,293,158,276,227,297,279,260,60,282,213,282,264,176,328,76,337,269,310,311,293,230,293,260,276,317,299,234,280,282,396,270,305,124,219,370,328,310,385,271,24,312,334,178,317,200,338,339,321,296,20,303,232,326,373,326,144,349,310,311,352,334,269,334,382,338,31,338,25,340,57,294,231,346,250,346,368,191,370,352,392,373,57,394,357,172,357,339,361,276,361,343,384,3,367,264,223,225,369,370,392,242,373,276,396,158,377,399,172,167,381,382,20,384,385,388,368,388,225,365,54,392,326,2,397,398,298,179
DFS Tree: root = 150
Shortest Path 150 -> 250
150->92->157->158->377->68->20->384->385->310->34->54->392->352->166->43->216->217->162->223->368->388->73->235->65->33->219->239->49->185->143->144->328->19->39->188->208->32->31->338->339->225->369->370->232->268->269->334->75->76->264->367->212->213->282->78->79->60->280->260->279->278->38->191->349->93->130->170->172->357->358->227->276->361->178->84->85->234->299->298->398->397->396->259->240->241->242->373->326->57->354->174->175->155->113->35->26->109->229->230->293->273->272->271->251->250
Path Length:105
チャ:２駅間の最短経路探索を行う。
　　あくまで乗り継ぐ数のみを表示するに留める。

☆考察
今回からはアルゴリズムとデータ構造について学んだ。Javaにおいて、
アルゴリズムを実現するために、デバッガの使い方やコンパイルの自動
化の方法について勉強した。Makefileは、様々な言語のコンパイルに使
える汎用性が大きいツールだが、コードの書き方がかなり特殊なので、
うまく習得はしたい。アルゴリズムとデータ構造に関するプログラミン
グを通して、実用的なプログラミングと効率的なデータ処理の技術を身
に着けていきたい。

☆自己評価
課題1:A
課題2:A
課題3:A
チャ:B
今回もシェルスクリプトやMakefileを利用して課題を解決した。
