183 28392
733 997
145 476
176 649
720 824
630 631
313 362
785 486
441 178
562 364
46 753
966 626
399 374
142 814
323 743
981 821
580 951
946 992
716 998
709 324
334 805
793 166
632 621
541 836
588 164
784 217
708 30
70 402
650 816
590 38
855 717
516 848
833 115
341 94
577 416
153 430
338 11
815 394
815 861
165 34
657 279
658 318
849 210
138 105
172 283
851 501
359 493
666 764
636 808
232 918
451 959
908 889
93 574
578 444
994 568
268 419
778 984
240 846
513 96
41 998
918 177
362 466
4 415
457 259
400 330
607 415
317 44
484 671
947 749
871 208
121 218
485 853
575 608
440 412
209 700
506 396
362 475
764 350
125 532
753 798
997 288
326 111
452 486
903 589
775 882
362 20
831 670
642 699
947 906
245 406
199 888
962 780
904 870
694 106
14 21
654 271
395 547
502 241
539 85
556 755
363 206
99 424
110 876
268 439
83 156
494 391
816 641
438 302
718 475
390 561
481 880
801 754
62 611
193 72
134 52
24 353
356 945
703 232
582 558
135 997
133 610
265 616
749 928
801 671
757 333
141 860
324 131
790 622
32 649
895 193
441 931
681 217
947 525
631 795
521 717
137 900
412 156
802 956
903 559
55 574
239 298
733 439
323 691
497 918
613 771
135 184
345 336
143 609
885 308
989 295
419 735
696 759
236 383
734 208
905 739
797 484
125 446
308 400
592 218
590 675
941 384
115 16
433 846
276 862
153 440
260 656
915 569
730 713
678 944
457 846
971 677
412 957
193 803
107 987
933 509
341 896
954 66
495 848
931 764
21 137
3 289
896 244
342 40
284 348
