111 16507
838 225
819 75
141 643
735 305
928 957
184 488
727 428
112 142
865 45
961 600
990 656
725 751
394 33
696 365
780 299
140 546
660 42
816 147
25 935
391 455
817 623
947 24
53 522
499 463
162 614
329 705
188 370
103 284
5 652
935 18
965 831
674 858
330 42
533 350
269 32
265 181
274 582
799 302
662 119
114 35
77 693
231 588
925 461
178 1000
895 512
601 997
95 202
424 114
286 763
206 216
857 254
234 634
724 379
770 104
807 859
272 685
927 335
599 152
511 932
472 457
378 251
937 103
201 581
371 995
512 667
644 940
639 4
801 686
874 947
790 859
517 405
273 564
179 959
840 700
210 194
819 877
82 828
420 23
944 706
740 609
718 451
877 331
383 437
191 265
892 983
855 584
857 928
182 169
320 71
530 798
412 487
526 71
37 337
862 996
564 242
17 383
726 17
561 504
289 128
296 207
4 316
79 523
289 331
597 134
890 326
85 592
550 307
757 767
454 67
560 199
194 701
