133 18601
875 956
885 989
405 70
598 431
327 624
348 188
147 63
590 539
900 449
563 634
912 984
210 264
770 946
199 280
70 962
744 353
259 178
989 160
602 86
164 77
926 308
958 224
808 417
289 678
475 629
327 163
695 308
39 600
957 577
331 149
864 104
782 287
835 761
281 629
400 640
275 355
34 674
989 479
475 938
955 161
304 732
489 860
783 407
275 678
439 955
141 167
112 571
632 289
663 849
64 607
990 553
188 153
969 848
772 865
376 79
543 206
166 228
115 426
488 81
630 150
338 412
112 108
208 369
91 50
117 208
227 487
698 418
951 213
170 493
282 55
228 301
267 836
817 395
262 148
994 615
532 581
35 108
822 997
496 963
282 576
257 629
705 993
599 275
596 152
164 225
67 941
214 421
501 975
578 656
86 774
164 790
690 362
468 717
396 563
689 215
932 417
722 443
998 381
217 941
151 31
940 319
567 819
601 21
675 586
562 431
939 966
370 638
704 274
856 47
897 126
389 615
292 321
901 19
889 709
564 509
278 25
328 778
813 29
912 789
811 725
929 144
7 180
916 772
232 762
970 688
223 749
223 852
694 652
141 880
793 622
592 344
419 787
861 879
