179 21144
777 246
873 154
665 691
374 39
869 200
588 875
493 102
763 901
378 659
641 438
251 717
308 917
102 569
234 177
762 821
486 89
488 140
311 940
717 38
246 644
619 516
884 746
449 883
918 95
917 441
376 262
780 289
603 304
904 487
789 669
655 103
968 742
835 903
90 89
69 335
435 875
242 122
438 973
511 777
425 227
678 609
94 26
117 220
954 905
270 993
929 706
57 374
607 98
649 612
297 830
860 383
709 711
395 400
63 233
713 131
288 749
849 245
711 669
633 757
476 444
547 614
794 64
671 524
873 89
708 372
541 105
373 586
730 92
764 532
804 240
217 587
793 334
657 916
640 692
656 682
666 151
773 828
627 667
100 604
970 826
547 507
229 711
85 337
246 527
12 871
8 579
786 972
566 465
832 905
325 596
41 873
219 596
144 732
57 495
406 65
624 75
198 853
406 83
6 79
36 124
957 751
172 417
276 243
94 193
826 36
897 413
661 35
950 670
588 390
367 879
698 966
877 715
493 662
994 267
857 618
850 449
910 208
374 544
763 991
251 286
302 841
912 103
653 408
716 424
485 307
264 562
119 438
425 898
195 913
625 99
882 132
408 468
691 415
742 512
442 983
958 849
595 240
629 195
711 84
280 292
536 469
91 678
434 148
784 247
751 857
325 535
898 689
425 789
303 530
855 224
134 792
41 99
437 779
218 766
316 829
930 276
961 56
581 997
102 874
37 904
347 69
67 154
216 631
37 863
680 656
558 332
788 529
826 905
877 232
808 148
783 867
928 855
406 363
122 28
681 224
164 7
637 865
687 188
981 719
