105 13690
765 230
662 290
742 900
949 707
638 741
879 648
773 577
960 854
537 290
166 65
411 841
195 840
653 745
53 679
16 216
18 509
923 749
142 891
767 517
480 184
235 142
426 686
671 941
704 474
77 349
861 15
269 877
243 900
135 962
794 929
465 776
515 616
881 100
52 834
643 298
371 268
76 979
613 295
655 108
459 364
441 275
944 556
609 683
305 447
467 275
185 147
930 239
229 963
656 280
284 743
815 409
120 42
633 349
304 291
121 632
282 668
417 9
801 519
759 141
831 540
608 843
407 205
964 923
223 5
120 607
712 197
458 343
859 349
532 331
317 789
314 138
8 713
563 212
652 120
800 862
600 101
499 332
779 450
636 71
234 586
894 283
574 902
67 168
56 451
489 788
760 458
600 479
331 451
25 980
415 59
71 458
758 254
994 623
41 387
266 352
498 269
811 314
233 228
179 873
70 74
582 250
521 175
444 134
922 946
91 898
