151 23552
512 469
306 209
612 458
559 92
413 307
664 567
314 378
263 403
565 496
1000 273
824 694
983 218
574 95
756 354
467 321
382 32
230 404
91 205
779 153
604 595
723 906
177 501
406 567
780 259
528 277
15 785
360 39
556 542
965 567
900 415
370 444
121 569
412 893
97 418
491 46
399 737
852 716
299 528
976 279
348 782
952 223
627 976
575 809
420 130
984 769
583 841
362 996
682 800
781 264
235 996
772 553
472 910
391 653
248 624
237 744
267 159
900 180
378 67
546 264
434 953
104 776
209 606
83 744
911 408
9 210
178 172
36 859
477 233
992 708
688 244
255 97
54 807
328 745
507 598
96 204
833 330
118 145
518 420
870 744
116 743
814 228
785 587
469 443
143 352
717 432
478 62
272 612
659 469
148 551
530 147
680 884
671 558
935 5
460 624
940 866
355 823
583 350
895 740
469 696
548 353
969 206
370 322
136 455
549 545
551 273
920 651
591 551
753 727
551 375
560 769
84 657
579 165
675 98
391 663
116 916
907 93
177 705
900 32
655 656
769 684
306 22
722 407
286 833
282 177
228 223
589 828
183 822
478 623
48 930
834 519
120 752
964 789
440 519
274 292
922 691
207 400
727 54
86 660
878 500
481 864
985 913
644 975
646 470
413 706
467 186
847 752
92 734
58 310
625 980
32 672
91 355
